000000000000000000000000000000000000000000000000000000000000000000000000000000000000000000000000000000000000000000000000
000000000000000000000000000000000000000000000000000000000000000000000000000000000000000000000000000000000000000000000000
000000000000000000000000000000000000000000000000000000000000000000000000000000000000000000000000000000000000000000000000
000000000000000000000000000000000000000000000000000000000000000000000000000000000000000000000000000000000000000000000000
000000000000000000000000000000000000000000000000000000000000000000000000000000000000000000000000000000000000000000000000
000000000000000000000000000000000000000000000000000000000000000000000000000000000000000000000000000000000000000000000000
000000000000000000000000000000000000000000000000000000000000000000000000000000000000000000000000000000000000000000000000
000000000000000000000000000000000000000000000000000000000000000000000000000000000000000000000000000000000000000000000000
000000000000000000000000000000000000000000000000000000000000000000000000000000000000000000000000000000000000000000000000
000000000000000000000000000000000000000000000000000000000000000000000000000000000000000000000000000000000000000000000000
000000000000000000000000000000000000000000000000000000000000000000000000000000000000000000000000000000000000000000000000
000000000000000000000000000000000000000000000000000000000000000000000000000000000000000000000000000000000000000000000000
000000000000000000000000000000000000000000000000000000000000000000000000000000000000000000000000000000000000000000000000
000000000000000000000000000000000000000000000000000000000000000000000000000000000000000000000000000000000000000000000000
000000000000000000000000000000000000000000000000000000000000000000000000000000000000000000000000000000000000000000000000
000000000000000000000000000000000000000000000000000000000000000000000000000000000000000000000000000000000000000000000000
000000000000000000000000000000000000000000000000000000000000000000000000000000000000000000000000000000000000000000000000
000000000000000000000000000000000000000000000000000000000000000000000000000000000000000000000000000000000000000000000000
000000000000000000000000000000000000000000000000000000000000000000000000000000000000000000000000000000000000000000000000
000000000000000000000000000000000000000000000000000000000000000000000000000000000000000000000000000000000000000000000000
000000000000000000000000000000000000000000000000000000000000000000000000000000000000000000000000000000000000000000000000
000000000000000000000000000000000000000000000000000000000000000000000000000000000000000000000000000000000000000000000000
000000000000000000000000000000000000000000000000000000000000000000000000000000000000000000000000000000000000000000000000
000000000000000000000000000000000000000000000000000000000000000000000000000000000000000000000000000000000000000000000000
000000000000000000000000000000000000000000000000000000000000000000000000000000000000000000000000000000000000000000000000
000000000000000000000000000000000000000000000000000000000000000000000000000000000000000000000000000000000000000000000000
000000000000000000000000000000000000000000000000000000000000000000000000000000000000000000000000000000000000000000000000
000000000000000000000000000000000000000000000000000000000000000000000000000000000000000000000000000000000000000000000000
000000000000000000000000000000000000000000000000000000000000000000000000000000000000000000000000000000000000000000000000
000000000000000000000000000000000000000000000000000000000000000000000000000000000000000000000000000000000000000000000000
000000000000000000000000000000000000000000000000000000000000000000000000000000000000000000000000000000000000000000000000
000000000000000000000000000000000000000000000000000000000000000000000000000000000000000000000000000000000000000000000000
000000000000000000000000000000000000000000000000000000000000000000000000000000000000000000000000000000000000000000000000
000000000000000000000000000000000000000000000000000000000000000000000000000000000000000000000000000000000000000000000000
000000000000000000000000000000000000000000000000000000000000000000000000000000000000000000000000000000000000000000000000
000000000000000000000000000000000000000000000000000000000000000000000000000000000000000000000000000000000000000000000000
000000000000000000000000000000000000000000000000000000000000000000000000000000000000000000000000000000000000000000000000
000000000000000000000000011111000000000000000000000000000000000000000000000000000000000000000000000111111000000000000000
000000000000000000000111111111111100000000000000000111111111111111111111111111100000000000000001111111111111000000000000
000000000000000000111111111111111111000000000000000111111111111111111111111111100000000000000111111111111111110000000000
000000000000000001111111111111111111110000000000001111111111111111111111111111100000000000011111111111111111111000000000
000000000000000111111111111111111111111000000000001111111111111111111111111111100000000000111111111111111111111100000000
000000000000001111111111111111111111111000000000001111111111111111111111111111000000000001111111111111111111111110000000
000000000000011111111111111111111111111100000000001111111111111111111111111111000000000011111111111111111111111111000000
000000000000111111111111111111111111111100000000011111111111111111111111111111000000000111111111111111111111111111000000
000000000001111111111111111111111111111110000000011111111111111111111111111110000000001111111111111111111111111111100000
000000000001111111111111111111111111111110000000011111111111111111111111111110000000001111111111111111111111111111100000
000000000011111111111111111111111111111110000000011111111111111111111111111110000000011111111111111101111111111111100000
000000000011111111111110001111111111111110000000111111111111111111111111111110000000011111111111110000011111111111100000
000000000111111111111100000111111111111110000000111111111111111111111111111100000000111111111111100000011111111111100000
000000000111111111111000000111111111111110000000111111111110000000000000000000000001111111111111100000011111111111100000
000000001111111111111000000111111111111110000000111111111110001111110000000000000001111111111111000000011111110000000000
000000000111111111110000000111111111111110000001111111111111111111111110000000000001111111111111000011111000000000000000
000000000001111111110000001111111111111100000001111111111111111111111111000000000011111111111111011111111111000000000000
000000000000000011110000001111111111111100000001111111111111111111111111110000000011111111111111111111111111110000000000
000000000000000000000000011111111111111000000001111111111111111111111111110000000011111111111111111111111111111000000000
000000000000000000000000111111111111111000000011111111111111111111111111111000000111111111111111111111111111111100000000
000000000000000000000011111111111111110000000011111111111111111111111111111100000111111111111111111111111111111100000000
000000000000000000000111111111111111100000000011111111111111111111111111111100000111111111111111111111111111111110000000
000000000000000000001111111111111111100000000011111111111111111111111111111100000111111111111111111111111111111110000000
000000000000000000111111111111111111000000000111111111111111111111111111111110000111111111111111111111111111111110000000
000000000000000001111111111111111100000000000111111111111110011111111111111110001111111111111111111111111111111110000000
000000000000000011111111111111111000000000000011111111111000000111111111111110001111111111111111111111111111111111000000
000000000000001111111111111111110000000000000000000011110000000111111111111110001111111111111110000011111111111111000000
000000000000111111111111111111000000000000000000000000000000000111111111111110001111111111111100000011111111111110000000
000000000001111111111111111110000000000000000000011111000000000111111111111110001111111111111000000011111111111110000000
000000000111111111111111111000000000000000111111111111100000000111111111111100001111111111111000000011111111111110000000
000000001111111111111111110000000000000000111111111111100000001111111111111100001111111111111000000011111111111110000000
000000111111111111111111111111111111100000111111111111110000011111111111111100000111111111111000000111111111111110000000
000001111111111111111111111111111111110000111111111111111111111111111111111000000111111111111100001111111111111100000000
000001111111111111111111111111111111110000011111111111111111111111111111111000000111111111111111111111111111111100000000
000001111111111111111111111111111111100000011111111111111111111111111111110000000111111111111111111111111111111000000000
000001111111111111111111111111111111100000011111111111111111111111111111110000000011111111111111111111111111110000000000
000011111111111111111111111111111111100000001111111111111111111111111111100000000011111111111111111111111111110000000000
000011111111111111111111111111111111100000001111111111111111111111111111000000000001111111111111111111111111100000000000
000011111111111111111111111111111111000000000111111111111111111111111110000000000001111111111111111111111111000000000000
000011111111111111111111111111111111000000000011111111111111111111111000000000000000111111111111111111111100000000000000
000011111111111111111111111111111111000000000001111111111111111111110000000000000000011111111111111111111000000000000000
000011111111111111111111111111111111000000000000011111111111111111000000000000000000000111111111111111100000000000000000
000011111111111111111111111111111110000000000000000111111111111000000000000000000000000001111111111100000000000000000000
000000000000000000000000000000000000000000000000000000000000000000000000000000000000000000000000000000000000000000000000
000000000000000000000000000000000000000000000000000000000000000000000000000000000000000000000000000000000000000000000000
000000000000000000000000000000000000000000000000000000000000000000000000000000000000000000000000000000000000000000000000
000000000000000000000000000000000000000000000000000000000000000000000000000000000000000000000000000000000000000000000000
000000000000000000000000000000000000000000000000000000000000000000000000000000000000000000000000000000000000000000000000
000000000000000000000000000000000000000000000000000000000000000000000000000000000000000000000000000000000000000000000000
000000000000000000000000000000000000000000000000000000000000000000000000000000000000000000000000000000000000000000000000
000000000000000000000000000000000000000000000000000000000000000000000000000000000000000000000000000000000000000000000000
000000000000000000000000000000000000000000000000000000000000000000000000000000000000000000000000000000000000000000000000
000000000000000000000000000000000000000000000000000000000000000000000000000000000000000000000000000000000000000000000000
000000000000000000000000000000000000000000000000000000000000000000000000000000000000000000000000000000000000000000000000
000000000000000000000000000000000000000000000000000000000000000000000000000000000000000000000000000000000000000000000000
000000000000000000000000000000000000000000000000000000000000000000000000000000000000000000000000000000000000000000000000
000000000000000000000000000000000000000000000000000000000000000000000000000000000000000000000000000000000000000000000000
000000000000000000000000000000000000000000000000000000000000000000000000000000000000000000000000000000000000000000000000
000000000000000000000000000000000000000000000000000000000000000000000000000000000000000000000000000000000000000000000000
000000000000000000000000000000000000000000000000000000000000000000000000000000000000000000000000000000000000000000000000
000000000000000000000000000000000000000000000000000000000000000000000000000000000000000000000000000000000000000000000000
000000000000000000000000000000000000000000000000000000000000000000000000000000000000000000000000000000000000000000000000
000000000000000000000000000000000000000000000000000000000000000000000000000000000000000000000000000000000000000000000000
000000000000000000000000000000000000000000000000000000000000000000000000000000000000000000000000000000000000000000000000
000000000000000000000000000000000000000000000000000000000000000000000000000000000000000000000000000000000000000000000000
000000000000000000000000000000000000000000000000000000000000000000000000000000000000000000000000000000000000000000000000
000000000000000000000000000000000000000000000000000000000000000000000000000000000000000000000000000000000000000000000000
000000000000000000000000000000000000000000000000000000000000000000000000000000000000000000000000000000000000000000000000
000000000000000000000000000000000000000000000000000000000000000000000000000000000000000000000000000000000000000000000000
000000000000000000000000000000000000000000000000000000000000000000000000000000000000000000000000000000000000000000000000
000000000000000000000000000000000000000000000000000000000000000000000000000000000000000000000000000000000000000000000000
000000000000000000000000000000000000000000000000000000000000000000000000000000000000000000000000000000000000000000000000
000000000000000000000000000000000000000000000000000000000000000000000000000000000000000000000000000000000000000000000000
000000000000000000000000000000000000000000000000000000000000000000000000000000000000000000000000000000000000000000000000
000000000000000000000000000000000000000000000000000000000000000000000000000000000000000000000000000000000000000000000000
000000000000000000000000000000000000000000000000000000000000000000000000000000000000000000000000000000000000000000000000
000000000000000000000000000000000000000000000000000000000000000000000000000000000000000000000000000000000000000000000000
000000000000000000000000000000000000000000000000000000000000000000000000000000000000000000000000000000000000000000000000
000000000000000000000000000000000000000000000000000000000000000000000000000000000000000000000000000000000000000000000000
000000000000000000000000000000000000000000000000000000000000000000000000000000000000000000000000000000000000000000000000
000000000000000000000000000000000000000000000000000000000000000000000000000000000000000000000000000000000000000000000000
000000000000000000000000000000000000000000000000000000000000000000000000000000000000000000000000000000000000000000000000
000000000000000000000000000000000000000000000000000000000000000000000000000000000000000000000000000000000000000000000000