333333333333333333333333333333333333333333333333333333333333333333333333333333333333333333333333333333333333333333333333333333333333333333333333333333333333333333333333333333333333333333333333333333333333333333333333333333333333333333333333333333333333333
333333333333333333333333333333333333333333333333333333333333333333333333333333333333333333333333333333333333333333333333333333333333333333333333333333333333333333333333333333333333333333333333333333333333333333333333333333333333333333333333333333333333333
333333333333333333333333333333333333333333333333333333333333333333333333333333333333333333333333333333333333333333333333333333333333333333333333333333333333333333333333333333333333333333333333333333333333333333333333333333333333333333333333333333333333333
333333333333333333333333333333333333333333333333333333333333333333333333333333333333333333333333333333333333333333333333333333333333333333333333333333333333333333333333333333333333333333333333333333333333333333333333333333333333333333333333333333333333333
333333333333333333333333333333333333333333333333333333333333333333333333333333333333333333333333333333333333333333333333333333333333333333333333333333333333333333333333333333333333333333333333333333333333333333333333333333333333333333333333333333333333333
333333333333333333333333333333333333333333333333333333333333333333333333333333333333333333333333333333333333333333333333333333333333333333333333333333333333333333333333333333333333333333333333333333333333333333333333333333333333333333333333333333333333333
333333333333333333333333333333333333333333333333333333333333333333333333333333333333333333333333333333333333333333333333333333333333333333333333333333333333333333333333333333333333333333333333333333333333333333333333333333333333333333333333333333333333333
333333333333333333333333333333333333333333333333333333333333333333333333333333333333333333333333333333333333333333333333333333333333333333333333333333333333333333333333333333333333333333333333333333333333333333333333333333333333333333333333333333333333333
333333333333333333333333333333333333333333333333333333333333333333333333333333333333333333333333333333333333333333333333333333333333333333333333333333333333333333333333333333333333333333333333333333333333333333333333333333333333333333333333333333333333333
333333333333333333333333333333333333333333333333333333333333333333333333333333333333333333333333333333333333333333333333333333333333333333333333333333333333333333333333333333333333333333333333333333333333333333333333333333333333333333333333333333333333333
333333333333333333333333333333333333333333333333333333333333333333333333333333333333333333333333333333333333333333333333333333333333333333333333333333333333333333333333333333333333333333333333333333333333333333333333333333333333333333333333333333333333333
333333333333333333333333333333333333333333333333333333333333333333333333333333333333333333333333333333333333333333333333333333333333333333333333333333333333333333333333333333333333333333333333333333333333333333333333333333333333333333333333333333333333333
333333333333333333333333333333333333333333333333333333333333333333333333333333333333333333333333333333333333333333333333333333333333333333333333333333333333333333333333333333333333333333333333333333333333333333333333333333333333333333333333333333333333333
333333333333333333333333333333333333333333333333333333333333333333333333333333333333333333333333333333333333333333333333333333333333333333333333333333333333333333333333333333333333333333333333333333333333333333333333333333333333333333333333333333333333333
333333333333333333333333333333333333333333333333333333333333333333333333333333333333333333333333333333333333333333333333333333333333333333333333333333333333333333333333333333333333333333333333333333333333333333333333333333333333333333333333333333333333333
333333333333333333333333333333333333333333333333333333333333333333333333333333333333333333333333333333333333333333333333333333333333333333333333333333333333333333333333333333333333333333333333333333333333333333333333333333333333333333333333333333333333333
333333333333333333333333333333333333333333333333333333333333333333333333333333333333333333333333333333333333333333333333333333333333333333333333333333333333333333333333333333333333333333333333333333333333333333333333333333333333333333333333333333333333333
333333333333333333333333333333333333333333333333333333333333333333333333333333333333333333333333333333333333333333333333333333333333333333333333333333333333333333333333333333333333333333333333333333333333333333333333333333333333333333333333333333333333333
333333333333333333333333333333333333333333333333333333333333333333333333333333333333333333333333333333333333333333333333333333333333333333333333333333333333333333333333333333333333333333333333333333333333333333333333333333333333333333333333333333333333333
333333333333333333333333333333333333333333333333333333333333333333333333333333333333333333333333333333333333333333333333333333333333333333333333333333333333333333333333333333333333333333333333333333333333333333333333333333333333333333333333333333333333333
333333333333333333333333333333333333333333333333333333333333333333333333333333333333333333333333333333333333333333333333333333333333333333333333333333333333333333333333333333333333333333333333333333333333333333333333333333333333333333333333333333333333333
333333333333333333333333333333333333333333333333333333333333333333333333333333333333333333333333333333333333333333333333333333333333333333333333333333333333333333333333333333333333333333333333333333333333333333333333333333333333333333333333333333333333333
333333333333333333333333333333333333333333333333333333333333333333333333333333333333333333333333333333333333333333333333333333333333333333333333333333333333333333333333333333333333333333333333333333333333333333333333333333333333333333333333333333333333333
333333333333333333333333333333333333333333333333333333333333333333333333333333333333333333333333333333333333333333333333333333333333333333333333333333333333333333333333333333333333333333333333333333333333333333333333333333333333333333333333333333333333333
333333333333333333333333333333333333333333333333333333333333333333333333333333333333333333333333333333333333333333333333333333333333333333333333333333333333333333333333333333333333333333333333333333333333333333333333333333333333333333333333333333333333333
333333333333333333333333333333333333333333333333333333333333333333333333333333333333333333333333333333333333333333333333333333333333333333333333333333333333333333333333333333333333333333333333333333333333333333333333333333333333333333333333333333333333333
333333333333333333333333333333333333333333333333333333333333333333333333333333333333333333333333333333333333333333333333333333333333333333333333333333333333333333333333333333333333333333333333333333333333333333333333333333333333333333333333333333333333333
333333333333333333333333333333333333333333333333333333333333333333333333333333333333333333333333333333333333333333333333333333333333333333333333333333333333333333333333333333333333333333333333333333333333333333333333333333333333333333333333333333333333333
333333333333333333333333333333333333333333333333333333333333333333333333333333333333333333333333333333333333333333333333333333333333333333333333333333333333333333333333333333333333333333333333333333333333333333333333333333333333333333333333333333333333333
333333333333333333333333333333333333333333333333333333333333333333333333333333333333333333333333333333333333333333333333333333333333333333333333333333333333333333333333333333333333333333333333333333333333333333333333333333333333333333333333333333333333333
333333333333333333333333333333333333333333333333333333333333333333333333333333333333333333333333333333333333333333333333333333333333333333333333333333333333333333333333333333333333333333333333333333333333333333333333333333333333333333333333333333333333333
333333333333333333333333333333333333333333333333333333333333333333333333333333333333333333333333333333333333333333333333333333333333333333333333333333333333333333333333333333333333333333333333333333333333333333333333333333333333333333333333333333333333333
333333333333333333333333333333333333333333333333333333333333333333333333333333333333333333333333333333333333333333333333333333333333333333333333333333333333333333333333333333333333333333333333333333333333333333333333333333333333333333333333333333333333333
333333333333333333333333333333333333333333333333333333333333333333333333333333333333333333333333333333333333333333333333333333333333333333333333333333333333333333333333333333333333333333333333333333333333333333333333333333333333333333333333333333333333333
333333333333333333333333333333333333333333333333333333333333333333333333333333333333333333333333333333333333333333333333333333333333333333333333333333333333333333333333333333333333333333333333333333333333333333333333333333333333333333333333333333333333333
333333333333333333333333333333333333333333333333333333333333333333333333333333333333333333333333333333333333333333333333333333333333333333333333333333333333333333333333333333333333333333333333333333333333333333333333333333333333333333333333333333333333333
333333333333333333333333333333333333333333333333333333333333333333333333333333333333333333333333333333333333333333333333333333333333333333333333333333333333333333333333333333333333333333333333333333333333333333333333333333333333333333333333333333333333333
333333333333333333333333333333333333333333333333333333333333333333333333333333333333333333333333333333333333333333333333333333333333333333333333333333333333333333333333333333333333333333333333333333333333333333333333333333333333333333333333333333333333333
333333333333333333333333333333333333333333333333333333333333333333333333333333333333333333333333333333333333333333333333333333333333333333333333333333333333333333333333333333333333333333333333333333333333333333333333333333333333333333333333333333333333333
333333333333333333333333333333333333333333333333333333333333333333333333333333333333333333333333333333333333333333333333333333333333333333333333333333333333333333333333333333333333333333333333333333333333333333333333333333333333333333333333333333333333333
333333333333333333333333333333333333333333333333333333333333333333333333333333333333333333333333333333333333333333333333333333333333333333333333333333333333333333333333333333333333333333333333333333333333333333333333333333333333333333333333333333333333333
333333333333333333333333333333333333333333333333333333333333333333333333333333333333333333333333333333333333333333333333333333333333333333333333333333333333333333333333333333333333333333333333333333333333333333333333333333333333333333333333333333333333333
333333333333333333333333333333333333333333333333333333333333333333333333333333333333333333333333333333333333333333333333333333333333333333333333333333333333333333333333333333333333333333333333333333333333333333333333333333333333333333333333333333333333333
333333333333333333333333333333333333333333333333333333333333333333333333333333333333333333333333333333333333333333333333333333333333333333333333333333333333333333333333333333333333333333333333333333333333333333333333333333333333333333333333333333333333333
333333333333333333333333333333333333333333333333333333333333333333333333333333333333333333333333333333333333333333333333333333333333333333333333333333333333333333333333333333333333333333333333333333333333333333333333333333333333333333333333333333333333333
333333333333333333333333333333333333333333333333333333333333333333333333333333333333333333333333333333333333333333333333333333333333333333333333333333333333333333333333333333333333333333333333333333333333333333333333333333333333333333333333333333333333333
333333333333333333333333333333333333333333333333333333333333333333333333333333333333333333333333333333333333333333333333333333333333333333333333333333333333333333333333333333333333333333333333333333333333333333333333333333333333333333333333333333333333333
333333333333333333333333333333333333333333333333333333333333333333333333333333333333333333333333333333333333333333333333333333333333333333333333333333333333333333333333333333333333333333333333333333333333333333333333333333333333333333333333333333333333333
333333333333333333333333333333333333333333333333333333333333333333333333333333333333333333333333333333333333333333333333333333333333333333333333333333333333333333333333333333333333333333333333333333333333333333333333333333333333333333333333333333333333333
333333333333333333333333333333333333333333333333333333333333333333333333333333333333333333333333333333333333333333333333333333333333333333333333333333333333333333333333333333333333333333333333333333333333333333333333333333333333333333333333333333333333333
333333333333333333333333333333333333333333333333333333333333333333333333333333333333333333333333333333333333333333333333333333333333333333333333333333333333333333333333333333333333333333333333333333333333333333333333333333333333333333333333333333333333333
333333333333333333333333333333333333333333333333333333333333333333333333333333333333333333333333333333333333333333333333333333333333333333333333333333333333333333333333333333333333333333333333333333333333333333333333333333333333333333333333333333333333333
333333333333333333333333333333333333333333333333333333333333333333333333333333333333333333333333333333333333333333333333333333333333333333333333333333333333333333333333333333333333333333333333333333333333333333333333333333333333333333333333333333333333333
333333333333333333333333333333333333333333333333333333333333333333333333333333333333333333333333333333333333333333333333333333333333333333333333333333333333333333333333333333333333333333333333333333333333333333333333333333333333333333333333333333333333333
333333333333333333333333333333333333333333333333333333333333333333333333333333333333333333333333333333333333333333333333333333333333333333333333333333333333333333333333333333333333333333333333333333333333333333333333333333333333333333333333333333333333333
333333333333333333333333333333333333333333333333333333333333333333333333333333333333333333333333333333333333333333333333333333333333333333333333333333333333333333333333333333333333333333333333333333333333333333333333333333333333333333333333333333333333333
333333333333333333333333333333333333333333333333333333333333333333333333333333333333333333333333333333333333333333333333333333333333333333333333333333333333333333333333333333333333333333333333333333333333333333333333333333333333333333333333333333333333333
333333333333333333333333333333333333333333333333333333333333333333333333333333333333333333333333333333333333333333333333333333333333333333333333333333333333333333333333333333333333333333333333333333333333333333333333333333333333333333333333333333333333333
333333333333333333333333333333333333333333333333333333333333333333333333333333333333333333333333333333333333333333333333333333333333333333333333333333333333333333333333333333333333333333333333333333333333333333333333333333333333333333333333333333333333333
333333333333333333333333333333333333333333333333333333333333333333333333333333333333333333333333333333333333333333333333333333333333333333333333333333333333333333333333333333333333333333333333333333333333333333333333333333333333333333333333333333333333333
333333333333333333333333333333333333333333333333333333333333333333333333333333333333333333333333333333333333333333333333333333333333333333333333333333333333333333333333333333333333333333333333333333333333333333333333333333333333333333333333333333333333333
333333333333333333333333333333333333333333333333333333333333333333333333333333333333333333333333333333333333333333333333333333333333333333333333333333333333333333333333333333333333333333333333333333333333333333333333333333333333333333333333333333333333333
333333333333333333333333333333333333333333333333333333333333333333333333333333333333333333333333333333333333333333333333333333333333333333333333333333333333333333333333333333333333333333333333333333333333333333333333333333333333333333333333333333333333333
333333333333333333333333333333333333333333333333333333333333333333333333333333333333333333333333333333333333333333333333333333333333333333333333333333333333333333333333333333333333333333333333333333333333333333333333333333333333333333333333333333333333333
333333333333333333333333333333333333333333333333333333333333333333333333333333333333333333333333333333333333333333333333333333333333533333333333333333333333333333333333333333333333333333333333333333333333333333333333333333333333333333333333333333333333333
333333333333333333333333333333333333333333333333333333333333333333333333333333333333333333333333333333333333333333333333333333333333533333333333333333333333333333333333333333333333333333333333333333333333333333333333333333333333333333333333333333333333333
333333333333333333333333333333333333333333333333333333333333333333333333333333333333333333333333333333333333333333333333333333333333533333333333333333333333333333333333333333333333333333333333333333333333333333333333333333333333333333333333333333333333333
333333333333333333333333333333333333333333333333333333333333333333333333333333333333333333333333333333333333333333333333333333333333533333333333333333333333333333333333333333333333333333333333333333333333333333333333333333333333333333333333333333333333333
333333333333333333333333333333333333333333333333333333333333333333333333333333333333333333333333333333333333333333333333333333333333333333333333333333333333333333333333333333333333333333333333333333333333333333333333333333333333333333333333333333333333333
333333333333333333333333333333333333333333333333333333333333333333333333333333333333333333333333333333333333333333333333333333333333333333333333333333333333333333333333333333333333333333333333333333333333333333333333333333333333333333333333333333333333333
444333333333333333333333333333333333333333333333333333333333333333333333333333333333333333333333333333333333333333333333333333333333333333333333333333333333333333333333333333333333333333333333333333333333333333333333333333333333333333333333333333333333333
444333344333333333333333333333333333333333333333333333333333333333333333333333333333333333333333333333333333333333333333333333333333333333333333333333333333333333333333333333333333333333333333333333333333333333333333333333333333333333333333333333333333333
444444444333444334433333333333333333333333333333333333333333333333333333333333333333333333333333333333333333333333333333333333333333343333333333333333333333333333333333333333333333333333333333333333333333333333333333333333333333333333333333333333333333333
444444444444444434434444443333333333333333333333333333333333333333333333333333333333333333333333333333333333333333333333333333333333334333333333333333333333333333333333333333333333333333333333333333333333333333333333333333333333333333333333333333333333333
444444444444444444434444444333333333333333333333333333333333333333333333333333333333333333333333333333333333333333333333333333333333334433333333333333333333333333333333333333333333333333333333333333333333333333333333333333333333333333333333333333333333333
444444444444444444444444443333333333333333333333333333333333333333333333333333333333333333333333333333333333333333333333333333333323342333333333333333333333333333333333333333333333333333333333333333333333333333333333333333333333333333333333333333333333333
444444444444444444444444444433333333343333333333333333333333333333333333333333333333333333333333333333333333333333333333333333333342253433333333333333333333333333333333333333333333333333333333333333333333333333333333333333333333333333333333333333333333333
444444444444444444444444444443333333333333333333333333333333333333333333333333333333333333333333333333333333333333333333333333333233333333333333333333333333333333333333333333333333333333333333333333333333333333333333333333333333333333333333333333333333333
444444444444444444444444444444444443334333334333333333333333333333333333333333333333333333333333333333333333333333333333333333333245556533333333333333333333333333333333333333333333333333333333333333333333333333333333333333333333333333333333333333333333333
444444444444444444444444444444444444444433444333333333333333333333333333333333333333333333333333333333333333333333333333333333333121101333333333333333333333333333333333333333333333333333333333333333333333333333333333333333333333333333333333333333333333333
444444444444444444444444444444444444444433344333433333333333333333333333333333333333333333333333333333333333333333333333333333333123333333333333333333333333333333333333333333333333333333333333333333333333333333333333333333333333333333333333333333333333333
444444444444444444444444444444444444444444444444333344333333333333333333333333333333333333333333333333333333333333333333333333333234345233333333333333333333333333333333333333333333333333333333333333333333333333333333333333333333333333333333333333333333333
444444444444444444444444444444444444444444444444443444444333333333333333333333333333333333333333333333333333333333333333333333333334445433333333333333333333333333333333333333333333333333333333333333333333333333333333333333333333333333333333333333333333333
444444444444444444444444444444444444444444444444444444433333343433333333333333333333333333333333333333333333333333333333333333334343434433333333333333333333333333333333333333333333333333333333333333333333333333333333333333333333333333333333333333333333333
444444444444444444444444444444444444444444444444444444444433344443333333333333333333333333333333333333333333333333333333333333333333323433333333333333333333333333333333333333333333333333333333333333333333333333333333333333333333333333333333333333333333333
444444444444444444444444444444444444444444444444444444444444444444444333344443333333333333333333333333333333333333333333333333333343424433333333333333333333333333333333333333333333333333333333333333333333333333333333333333333333333333333333333333333333333
444444444444444444444444444444444444444444444444444444444444444444444333343333333333333333333333333333333333333333333333333333333342324433333333333333333333333333333333333333333333333333333333333333333333333333333333333333333333333333333333333333333333333
444444444444444444444444444444444444444444444444444444444444444444444344443333334443333333333333333333333333333333333333333333333343323433333333333333333333333333333333333333333333333333333333333333333333333333333333333333333333333333333333333333333333333
444444444444444444444444444444444444444444444444444444444444444444444444444444434444433333333333333333333333333333333333333333333352534433333333333333333333333333333333333333333333333333333333333333333333333333333333333333333333333333333333333333333333333
444444444444444444444444444444444444444444444444444444444444444444444444444444444434443333333333333333333333333333333333333333333333223433333333333333333333333333333333333333333333333333333333333333333333333333333333333333333333333333333333333333333333333
444444444444444444444444444444444444444444444444444444444444444444444444444444444444444333333433333333333333333333333333333333333342433433333333333333333333333333333333333333333333333333333333333333333333333333333333333333333333333333333333333333333333333
444444444444444444444444444444444444444444444444444444444444444444444444444444444444444334444344333344333333333333333333333333334342323433333333333333333333333333333333333333333333333333333333333333333333333333333333333333333333333333333333333344333333333
444444444444444444444444444444444444444444444444444444444444444444444444444444444444444444444344444443444444333333333333333333334433223443333333333333333333333333333333333333333333333333333333333333333333333333333333333333333333334333333334333444333333343
444444444444444444444444444444444444444444444444444444444444444444444444444444444444444444344444444444444433344433333333333333344442533543333333333333333333333333333333333333333333333333333333333333333333333333333333333333333433444444444344443444444333334
444444444444444444444444444444444444444444444444444444444444444444444444444444444444444444444444444444444444444433333333344443444432223443333333333333333333333333333333333333333333333333333333333333333333333333333333333434434444444444444444444444443433444
444444444444444444444444444444444444444444444444444444444444444444444444444444444444444444444444444444444444444444344443444444444433322444433333333444333333333333333333333333333333333333333333333333333333333333333333444344444444444444444444444444444444444
444444444444444444444444444444444444444444444444444444444444444444444444444444444444444444444444444444444444444444444444444444444441532544443334333444433333333444444433333343333333333333333333333333333333333444443344444444444444444444444444444444444444444
444444444444444444444444444444444444444444444444444444444444444444444444444444444444444444444444444444444444444444444444444444444423223444444444444444444444444444444444444444444444444443333333333333433333334444444444444444444444444444444444444444444444444
444444444444444444444444444444444444444444444444444444444444444444444444444444444444444444444444444444444444444444444444444444444423332444444444444444444444444444444444444444444444444444333333333444443444444444444444444444444444444444444444444444444444444
444444444444444444444444444444444444444444444444444444444444444444444444444444444444444444444444444444444444444444444444444444444442532544444444444444444444444444444444444444444444444444444444444444444444444444444444444444444444444444444444444444444444444
444444444444444444444444444444444444444444444444444444444444444444444444444444444444444444444444444444444444444444444444444444444422223444444444444444444444444444444444444444444444444444444444444444444444444444444444444444444444444444444444444444444444444
444444444444444444444444444444444444444444444444444444444444444444444444444444444444444444444444444444444444444444444444444444444423223444444444444444444444444444444444444444444444444444444444444444444444444444444444444444444444444444444444444444444444444
444444444444444444444444444444444444444444444444444444444444444444444444444444444444444444444444444444444444444444444444444444444543442544444444444444444444444444444444444444444444444444444444444444444444444444444444444444444444444444444444444444444444444
444444444444444444444444444444444444444444444444444444444444444444444444444444444444444444444444444444444444444444444444444444444432333444444444444444444444444444444444444444444444444444444444444444444444444444444444444444444444444444444444444444444444444
444444444444444444444444444444444444444444444444444444444444444444444444444444444444444444444444444444444444444444444444444444444433333444444444444444444444444444444444444444444444444444444444444444444444444444444444444444444444444444444444444444444444444
444444444444444444444444444444444444444444444444444444444444444444444444444444444444444444444444444444444444444444444444444444444443442444444444444444444444444444444444444444444444444444444444444444444444444444444444444444444444444444444444444444444444444
444444444444444444444444444444444444444444444444444444444444444444444444444444444444444444444444444444444444444444444444444444444431432444444444444444444444444444444444444444444444444444444444444444444444444444444444444444444444444444444444444444444444444
444444444444444444444444444444444444444444444444444444444444444444444444444444444444444444444444444444444444444444444444444444444333214344444444444444444444444444444444444444444444444444444444444444444444444444444444444444444444444444444444444444444444444
444444444444444444444444444444444444444444444444444444444444444444444444444444444444444444444444444444444444444444444444444444444332233354444444444444444444444444444444444444444444444444444444444444444444444444444444444444444444444444444444444444444444444
444444444444444444444444444444444444444444444444444444444444444444444444444444444444444444444444444444444444444444444444444444444533443454444444444444444444444444444444444444444444444444444444444444444444444444444444444444444444444444444444444444444444444
444444444444444444444444444444444444444444444444444444444444444444444444444444444444444444444444444444444444444444444444444444444433444444444444444444444444444444444444444444444444444444444444444444444444444444444444444444444444444444444444444444444444444
444444444444444444444444444444444444444444444444444444444444444444444444444444444444444444444444444444444444444444444444444444444222344344444444444444444444444444444444444444444444444444444444444444444444444444444444444444444444444444444444444444444444444
444444444444444444444444444444444444444444444444444444444444444444444444444444444444444444444444444444444444444444444444444444444311332454444444444444444444444444444444444444444444444444444444444444444444444444444444444444444444444444444444444444444444444
444444444444444444444444444444444444444444444444444444444444444444444444444444444444444444444444444444444444444444444444444444444532432354444444444444444444444444444444444444444444444444444444444444444444444444444444444444444444444444444444444444444444444
444444444444444444444444444444444444444444444444444444444444444444444444444444444444444444444444444444444444444444444444444444444332332444444444444444444444444444444444444444444444444444444444444444444444444444444444444444444444444444444444444444444444444
444444444444444444444444444444444444444444444444444444444444444444444444444444444444444444444444444444444444444444444444444444444242324444444444444444444444444444444444444444444444444444444444444444444444444444444444444444444444444444444444444444444444444
444444444444444444444444444444444444444444444444444444444444444444444444444444444444444444444444444444444444444444444444444444444433333444444444444444444444444444444444444444444444444444444444444444444444444444444444444444444444444444444444444444444444444
444444444444444444444444444444444444444444444444444444444444444444444444444444444444444444444444444444444444444444444444444444445442543454444444444444444444444444444444444444444444444444444444444444444444444444444444444444444444444444444444444444444444444
444444444444444444444444444444444444444444444444444444444444444444444444444444444444444444444444444444444444444444444444444444444333333444444444444444444444444444444444444444444444444444444444444444444444444444444444444444444444444444444444444444444444444
444444444444444444444444444444444444444444444444444444444444444444444444444444444444444444444444444444444444444444444444444444444241423434444444444444444444444444444444444444444444444444444444444444444444444444444444444444444444444444444444444444444444444
444444444444444444444444444444444444444444444444444444444444444444444444444444444444444444444444444444444444444444444444444444444343433444444444444444444444444444444444444444444444444444444444444444444444444444444444444444444444444444444444444444444444444
444444444444444444444444444444444444444444444444444444444444444444444444444444444444444444444444444444444444444444444444444444445433553444444444444444444444444444444444444444444444444444444444444444444444444444444444444444444444444444444444444444444444444
444444444444444444444444444444444444444444444444444444444444444444444444444444444444444444444444444444444444444444444444444444444232543334444444444444444444444444444444444444444444444444444444444444444444444444444444444444444444444444444444444444444444444
444444444444444444444444444444444444444444444444444444444444444444444444444444444444444444444444444444444444444444444444444444444330432434444444444444444444444444444444444444444444444444444444444444444444444444444444444444444444444444444444444444444444444
444444444444444444444444444444444444444444444444444444444444444444444444444444444444444444444444444444444444444444444444444444444432544445444444444444444444444444444444444444444444444444444444444444444444444444444444444444444444444444444444444444444444444
444444444444444444444444444444444444444444444444444444444444444444444444444444444444444444444444444444444444444444444444444444445443453445444444444444444444444444444444444444444444444444444444444444444444444444444444444444444444444444444444444444444444444
554444444444444444444444444444444444444444444444444444444444444444444444444444444444444444444444444444444444444444444444444444444324443344444444444444444444444444444444444444444444444444444444444444444444444444444444444444444444444444444444444444444444444
555544445544544444444444444444444444444444444444444444444444444444444444444444444444444444444444444444444444444444444444444444453332342434444444444444444444444444444444444444444444444444444444444444444444444444444444444444444444444444444444444444444444444
555554555555545554444444444444444444444444444444444444444444444444444444444444444444444444444444444444444444444444444444444444452442331444444444444444444444444444444444444444444444444444444444444444444444444444444444444444444444444444444444444444444444444
555555555555555555555555555554444444444444444444444444444444444444444444444444444444444444444444444444444444444444444444444444454444344445444444444444444444444444444444444444444444444444444444444444444444444444444444444444444444444444444444444444444444444
555555555555555555555555555555544445544444444444444444444444444444444444444444444444444444444444444444444444444444444444444444453325244334444444444444444444444444444444444444444444444444444444444444444444444444444444444444444444444444444444444444444444444
555555555555555555555555555555555555555555444455554444444444444444444444444444444444444444444444444444444444444444444444444444442333332333544444444444444444444444444444444444444444444444444444444444444444444444444444444444444444444444444444444444444444444
555555555555555555555555555555555555555555555555555554444444444444444444444444444444444444444444444444444444444444444444444444442422323443544444444444444444444444444444444444444444444444444444444444444444444444444444444444444444444444444444444444444444444
555555555555555555555555555555555555555555555555555555555555444444444444444444444444444444444444444444444444444444444444444444444444334544544444444444444444444444444444444444444444444444444444444444444444444444444444444444444444444444444444444443444444544
555555555555555555555555555555555555555555555555555555555555555555544444444444444444444444444444444444444444444444444444444444554345335434544444444444444444444444444444444444444444444444444444444444444444444444444444444444444444444444444444554433344444444
555555555555555555555555555555555555555555555555555555555555555555555555545554554444444444444444444444444444444444444444444444533343234444444444444444444444444444444444444444444444444444444444444444444444444444444444444444444444444444444444443423333333332
555555555555555555555555555555555555555555555555555555555555555555555555555555555554444444444444444444444444444444444444444445532321323344444444444444444444444444444444444444444444444444444444444444444444444444444444444444444444444455544434333222233232222
555555555555555555555555555555555555555555555555555555555555555555555555555555555555555555555555555444454444444444444444444555533343323454454444444444444444444444444444444444444444444444444444444444444444444444444444444444444444455554434333302111221122111
555555555555555555555555555555555555555555555555555555555555555555555555555555555555555555555555555544555544444444444444455555533344335444455444444444444444444444444444444444444444444444444444444444444444444444444444444444444445554454433321101101112221110
555555555555555555555555555555555555555555555555555555555555555555555555555555555555555555555555555555555555555555555555555555415543344323455554444444444444444444444444444444444444444444444444444444444444444444444444444444555555454442331110100000011111100
555555555555555555555555555555555555555555555555555555555555555555555555555555555555555555555555555555555555555555555555555555314331332223355554544544444444445444444444444444444444444444444444444444444444444444444444444545555455554332210000000000111321100
555555555555555555555555555555555555555555555555555555555555555555555555555555555555555555555555555555555555555555555555555554413342322332345555555554554445555555554444444444444444555444444444445444444444444444545445555554544444343321000000000000111220000
555555555555555555555555555555555555555555555555555555555555555555555555555555555555555555555555555555555555555555555555555544444444434444455555555555555555555555555555555554445555555555555555555555555555555555555555555554444334331100000000000000011122100
555555555555555555555555555555555555555555555555555555555555555555555555555555555555555555555555555555555555555555555555555401112212212212212255555555555555555555555555555555555555555555555555555555555555555555555555555545353323211000000000000000111132101
555555555555555555555555555555555555555555555555555555555555555555555555555555555555555555555555555555555555555555555555555503344444444444443155555555555555555555555555555555555555555555555555555555555555555555555555555534243212100000000000000001012232201
555555555555555555555555555555555555555555555555555555555555555555555555555555555555555555555555555555555555555555555555555514343443432534333155555555555555555555555555555555555555555555555555555555555555555555555555545433333110000000000000000001011122221
555555555555555555555555555555555555555555555555555555555555555555555555555555555555555555555555555555555555555555555555555543223323213322234455555555555555555555555555555555555555555555555555555555555555555555555555544432211000000000000000000000001133322
555555555555555555555555555555555555555555555555555555555555555555555555555555555555555555555555555555555555555555555555555554232531331432324555555555555555555555555555555555555555555555555555555555555555555555555554443321000000000000000000000000000132211
555555555555555555555555555555555555555555555555555555555555555555555555555555555555555555555555555555555555555555555555555554444544545454444555555555555555555555555555555555555555555555555555555555555555555555555554332210000000000000000000000000001222101
455555555555555555555555555555555555555555555555555555555555555555555555555555555555555555555555555555555555555555555555555554444544444454444555555555555555555555555555555555555555555555555555555555555555555555555554321100000000000000000000000000001332001
345555555555555555555555555555555555555555555555555555555555555555555555555555555555555555555555555555555555555555555555555532222321000042212455555555555555555555555555555555555555555555555555555555555555555555555543110000000000000000000000000010013221222
223355555655555555555555555555555555555555555555555555555555555555555555555555555555555555555555555555555555555555555555555521422222222231231355555555555555555555555555555555555555555555555555555555555555555555555542100000000000000000000000000000123112323
222244455555655555555555555555555555555555555555555555555555555555555555555555555555555555555555555555555555555555555555555532333244444431333355555555555555555555555555555555555555555555555555555555555555555555555533100000000000000000000000000001222111222
332233333445466655555555555555555555555555555555555555555555555555555555555555555555555555555555555555555555555555555555555533325255555544232355555555555555555555555555555555555555555555555555555555555555555555555532000000000000000000000001000001112111222
322222332233345566555555555555555555555555555555555555555555555555555555555555555555555555555555555555555555555555555555555423134255555543321345555555555555555555555555555555555555555555555555555555555555555555555530000000000000000000000000000010101222123
332133222222233666666666666555555555555555555555555555555555555555555555555555555555555555555555555555555555555555555555555424314355555543134245555555555555555555555555555555555555555555555555555555555555554443444420000000000000000000000000100100112211122
231233222232224666666666656656655556555555555555555555555555555555555555555555555555555555555555555555555555555555555555555324224455555544224245555555555555555555555555555555555555555555555555555555555554433322333320000000000000000000000000000001120010011
232222221323222455455455555555555555656656555555555555555555555555555555555555555555555555555555555555555555555555555555555432234555555554333235555555555555555555555555555555555555555555555555555555555543212322322220000000000000000000000001000001000001111
322322323332212334443344444444444444555666655555555555555555555555555555555555555555555555555555555555555555555555555555555342253555555554433234555555555555555555555555555555555555555555555555555555554221101311211111000000000000000000000000000000000000111
223333222333223322222233333333333333444556666665665555555555555555555555555555555555555555555555555555555555555555555555553331342555555554323322555555555555555555555555555555555555555555555555555555552000000111100110000000000000000000000000000100000000110
223222332232333322221223222223332323344446666666666666655555555555555555555555555555555555555555555555555555555555555555555342253555555554323424555555555555555555555555555555555555555555555555555554331000000000000000000000000000000000000000000100000001100
233222332332232221222112222223233222333345666666666666666666666555555555555555555555555555555555555555555555555555555555655332344555555555323433455555555555555555555555555555555555555555555555555542210000000000000001000000000000000000000000000000010110001
322222232233323321232111222222232232222234666666666666666666666666666666666555555555555555555555555555555555555555555555554323434555555555443422455555555555555555555555555555555555555555555555564310000000000101000000000000000000000000000000000100000000000
323331211333332223323222233322223223323223566666666666666666666666666666666666666666666666666666666666666655555555555556543423535656555555443332355555555555555555555555555555555555555555555555654000000000000100000120000000000000000000000000000000000000012
323442322323222222322302222233332233322222566666555666666666666666666666666666666666666666666666666666666666665555556566343232526656665666432443346665555555555555555555555555555555555555555555651000000000000101000110000000000000000000000000000000000000000
323433322233233222222210123233223333233323455553333444566666666666666666666666666666666666666666666666666666666566665444433433445555555555443433444445555555555555555555555555555555555555555556640000000000000000000000100000000000000000000110000100000000000
333432322332221212322222323333333233333233333322222333456666666666666666666666666666666666666666666666666666666666665112301232343343334333211311121115665555555555555555555555555555555555555566650000000000000000000111000000000000000000000000000110000000000
333333334423332232220222213323333323222323332122122233335666666666666666666666666666666666666666666666666666666666665222322233331223213122222312232335666555555555555555555555555555555555555566652000000000000000000120000000000000000000011010000000000000111
333333332233233223210022332233233333333233332221222233233666666666666666666666666666666666666666666666666666666666665444444444344444434343443434343335666666666666666666666666655555556655556666651000000000000001000121000000000000000000010000000000000000000
332222332322212111230022233333333333323333322222222233333566666666666666666666666666666666666666666666666666666666665422424242333424242332424243332425666666666666666666666666665666666666666666661000000000000000011020000000000000000000110000000000000000000
223312333233212113211102222333333332333333223232213233333333344445666666666666666666666666666666666666666666666666666545545454544445454544545454544546666666666666666666666666666666666666666666663000000000000000111000000000000000000010100000000000000000000
331322333334422323321112333333333333333333321223323333343222222233344445666666666666666666666666666666666666666666665443444544343433434343444444344446666666666666666666666666666666666666666666665100000000000001222000000000000000000000000000000000000000000
333321333333322322232322222333333323333333322222222333433222112223233333456666666666666666666666666666666666666666664232433523232323323242333343232325666666666666666666666666666666666566666666664100000000000001211100000000000000000000000000000000000000000
333332333332223323322323222333333233323333332222323333332212212323332232346655666666666666666666666666666666666666654344334323333333433343333334344434666666666666666666666666666666664246666666663000000000000000000111000000000000000000000000000000000000000
333323333333333222123222213233333333332333322222223334342312212323322223233333466666666666666666666666666666666666644444445444454555555554444445454444466666666666666666666655544444533456666666661000000000010000110011000000000000000000100000000000000000000
333323233332323323233323332223223323333333333223223334443221322333323333322122346666666666666666666666666666666666544444452223444444444444443233444444466666666666666666665322222233222335444344431000000000000000101001000000000000000000000000000000000000000
232313322233233222234442223223323223333333323323223334333231123332333233332222335544556666666666666666666666666666421312442344444321112234444413432221246666666666666666650101222223222232222332231000000000000000001000000000000000000000000000000000000000000
323323233332223222223323331323322333323333323333233334343331012333333333332223333222335666666666666666666666666665131222444444211111121111124443432222325666666666666666630000122122222232223332232000000000000101000000000000000000000000000000000000000000000
333323133434333223223332222323332333323333232223333334343321023333332333331123333212333466656666666666666666666664234323544421111122333221111244452234334666666666665333210000112222223222223323330000000000000000000000000000000000000000000000000000000000000
333323333233333322213223233223333323333333223333233344333331132333333333332223332222333323334666666666666666666652433214442111135666666666421113443133243566666666540111110000111112222212222234331000000000000000000000000000000000000000000000000000000000000
323123333333322311222212123323223333233333312333233334343332023333333333331123332232333222333666666666666666666644432334421213666666666666665111244322224466666663210111210000221123212122222322211000000000000000000000000000000000000000000000000000000000000
333313223333321211212222332233333333333333322132332333344332123433333333332123342222333223333644545556666666666533433354302256666666666666666632124532332356666663110111110001111123211123122232220000000000000000000000000000000000000000000000000000000000000
332222333233333223122222001333333333333333222222233333333333333333333233332223342233333223333555655555556666665344332353103665666666666666666555222422224446666653000121200001321223211111111222221000000000000000000000000000000000000000000000000000000000000
333223333343333323221231013332333233333334322233333334443323222333333233332213342233333233333545666565565556664444331542016654666666666666655356403242334444334321000122110001222112211211111111220000000000000000000000000000000000000000000000000000000000000
232233312333433223221333123333333333233333322232333334332323333333333333333323342233333233334333333222222234443433324411046635666666466654664356422243232222322221000111110001111211101100112111110000000000000000000000000000000000000000100000000000000000011
333323343332322133232333112333343333333333224223123333443333332334333333333223332323333233344322211222222223344331325210146635666545455431554356452324310112222220000001110002111211110000011111110000000000000000000000000000000000000000100000000000000001212
333323332333332011323221213334443333233333233323323433333323232334333333343223432223333233434322210222222223443334454111346535666223222111244356454322200222222210000000110001221110100001110011101000000000000000000000100000000000000000010121110010111001111
323322233323331124202322103343321233323322232233233334433333333333433334333223322233333233434322221223223323442124453112356545656321122111134356455342200222222220000000110000231111100000000011111000000000000000000000000000000000000000001122111221111000112
232222344341320013101233101023220113212212231233333343332333332234333333333234322233343224444212221223233233443224423210155545666555555555556566564111200222223320010001100010223111100000000001101011001012001100001001100000000000000000000121101112211000111
223320102321200003001220005321000132000212122323223333322233334344433233333334222233333224434122232233333234443224423321014456666634444444466666521111200222223321000011110000122011111000000000001111211113311201111101200000000000100000000110000031112100111
236421111100000012012220005231000000000122122200111332222333333322222122332233222333333224343122221122233334443224432332001146656645444444455666411111101222222321000011111002133000000000000000001111211221321210010001200000110000000000000000000022213100121
156533233312100011022220005151000000003400012220000001122102313211201121142322322222332223332123232101123333443224333332131224555556555545655554311111102123221100001000011101014010010000000000000000112121332301111212100000020000000000000000100121211100110
335633343423210020022221015351000000003311121213201114222200201224421121132222223432112113120022333111122222233223333333232244466546535434566334310101002423421322100121010000014021101111100002121111211121133300022334100000020000000000000000000010212000000
333432233533231020122221015561001101002201143645422455222200310024410020122213233323322334210122333322022324233344433233333343464456445554424321222220000101211221000101021000015120011100000002121112112112122210213341221110110000000000000000000011103010000
122322233432221030222222015561003111115400223545301212222211520024510023312232333343333355211122334434122324333444423233233213333334545333312232233230011000111000000002030000115120110102300001120000001101211000105441111121021100000000000000000012103010000
222212322121244431122222025561132200004200124445400112222212511125510124211222323333333334442222243333322333333333333333333323333333333332203143222221000000101110000012240000124132220001100000000000001010000001125421011111011100000000000000000012213110000
222222121001234521112222124561230000001000113455500112222223522335543433111122223433333334433333333333333333333333333333333333333333333333322233222111112110000000000014420000013322221111000000000000000000000111112111111111112110000000000000000012233110000
223223234333333522222222234561320000112111123445565411221134665555555443222233333333333333333333333333333333333333333333333333333222223333222233223332221100000000000012200000002444332211000000000000000000000111010111100001121100000000000000000001023011001
234445444223334321111111133455555555555665556666665422222233333333333333333333333333333333333333333333333333333333333333333222211111111111100000000001111000000000000000000000000233334210000000000000000000000000000000001111111110000000000000033423224211001
343543433333332332211111145566655555555444444433222333333333333333333333333333333333333333333333333333333333333333333333322221111111111111111111111111111111000011000000000000000000122110000000000100000000000010000011111101112310000000000000011211322321001
232332333433332333322222123333333333333333333333333333333333334433333333333333333333333333333333333333333333333333333333332222222111111111111111111111100001100000000000000000000000000000000000000000000000000000010010011011111100000000000000002532554541111
233343323233333233333333333333233333333333333333333333333333333333333333333333333333333333333333333333333333333333333322221111110100011111111101110000111111110000000100000000000000000000000000000000000001000000000100100001000000000000000000000000011111111
333333333333333333333333333333333333333333333333333333333333333333333333333333333333333333333333333333333333333333333333333333333222222211111110000010000000000000000000101000000000000000000000000001010101000000000100000001000000000000000000000010011111111
333322333333333333333333333333333333333333333333333333333333333333333333333333333333333333333333333333333333333333333333333333343344433333333333333322222222221111111111110001000000000000000000000000000000000000100010000001000000000000000000000022112222223
333333333333333333333333333333333333333333333333333333333333333333333333333333333333333333333333333333333333333333333333333333443344444444333333444444434444444444444433333322111111000000000000000000000000000000000010000000000000000000000000000033224444444
333333333333333333333333333333333333333333333333333333333333333333333333333333333333333333333333333333333333333333333333333333334333444443344444444444444444444333333332222221212111111000010100000000000000000000000000000000000000000000000000000023324444444
333333333333333333333333333333333333333333333333333333333333333333333333333333333333333333333333333333333332222222222111222222222222222222222222222222222222223333333333333333333332222111100000000000000000000000000000000000000000000000000000000012325555555
333333333333333333333333333333333333333333333333333333333333333333333333333333333333333333333333333332222222111111111111111111111111111111111111111111111110110111101000000011111111222222221110001111100000000000000000000000000000000000000000000000001223443
333333333333333333333333333333333333333333333333333333333333333333333333333333333333333333333332222222211111111111111111111111111111111111111111111111111111111111111111111111111111110010110011111100000000000000000000000000000000000000000000000000000000012
333333333333333333333333333333333333333333333333333333333333333333333333333333333333333333333332222222111111111111111111111111111111111111111111111111111111111111111111111111111111111111111111111111100000000000000000000000000000000000000000000000000000000
333333333333333333333333333333333333333333333333333333333333333333333333333333333333333333333322222222211111111111111111111111111111111111111111111111111111111111111111111111111111111111111111111111111110000000000000000000000000000000000000000000000000000
333333333333333333333333333333333333333333333333333333333333333333333333333333333333333333333333222222211111111111111111111111111111111111111111111111111111111111111111111111111111111111111111111111110011111000000000000000000000000000000000000000000000000
333333333333333333333333333333333333333333333333333333333333333333333333333333333333333333333333333333333222111111111111111111111111111111111111111111111111111111111111111111111111111111111111011111111110011111000000001000000000000000000000000000000000000
333333333333333333333333333333333333333333333333333333333333333333333333333333333333333333333333333333333333333222211111111111111111111111111111111111111111111111111111111111111111111111111111111001001111111011111110000000000000000000000000000000000000000
333333333333333333333333333333333333333333333333333333333333333333333333333333333333333333333333333333333333333333333333322221111111111111111111111111111111111111111111111111111111111111111111111101011111111101001111111000000000000000000000000000000000000
333333333333333333333333333333333333333333333333333333333333333333333333333333333333333333333333333333333333333333333333333333333322222111111111111111111111111111111111111101110111111111011000111111111111011110100001011111000000001000000000000000000000000
333333333333333333333333333333333333333333333333333333333333333333333333333333333333333333333333333333333333333333333333333333333333333332221111111100000111111111100010110010000010111101000000011111110001111110111000000010001100000000100000000000000000000
333333333333333333333333333333333333333333333333333333333333333333333333333333333333333333333333333333333333333333333333333333333333333333333333332211111100000000000000001100100100111000000000001111111011100010111000000000000111110000000000000000000000000
333333333333333333333333333333333333333333333333333333333332233333333333333333333333333333333333333333333333333333333333333333333333333333333333333333332222211111111000000110100000111000000110011111011011000000111110011100001100011111100000000100000000000
333333333333333333333333333333333333333333333333333333333233333333333333333333333333333333333333333333333333333333333333333333333333333333333333333333333333333332222211111111000000000001111111111111011111101110111100111111110000001111111100000000000000000
333333333333333333333333333333333333333333333333333332333333333333333333333333333333333333333333333333333333333333333333333333333333333333333333333333333333333333333333222222121111111111111111100111101111111110000011100111111110110011111111100000000000000
333333333333333333333333333333333333333333333333333333333333333333333322333332333333333333333333333323333333333333333333333333333333333333333333333333333333333333333333333333333333322222111111110100100000001111000000110001111111110000000000111111000000000
333333333333333333333333333333333333333333333333333333333333333333333333333322223232332333322322233333333333333323333333333333333333333333333333333333333333333333333333333333333333333333333333222221101001011100101010000010001111111111000000110111110000000
333333333333333333333333333333333333333333333333333333333333333333333333333333333333333333333333333333333333333333333333333333333333333333333333333333333333333333333333333333333333333333333333333333333332222222111111111111100000111111101000001011111111100
333333333333333333333333333333333333333333333333333333333333333333333333322333333333333333333333333233222233333333333333333333322333333333333333333333333333333333333333333333333333333333333333333333333333333333333322222211111111101111111111000000011111111
333333333333333333333333333333333333333333333333333333333333333333333333323333333332323333333333223333223333333223333333333333333333333333333333333333333333333333333333333333333333333333333333333333333333333333333333333333333333322222211111110000000001101
333333333333333333333333333333333333333333333333333333333333333333333333323333232233233333333333233233333333333333233333333333333333333333333333333333333333333333333333333333333333333333333333333333333333333333333333333333333333333333333333222111000100000
333333333333333333333333333333333333333333333333333333333333333333333333333333333333333333322233333333333333333333333333333333333333333333333333333333333333333333333333333333333333333333333333333333333333333333333333333333333333333333333333333333332221100
333333333333333333333333333333333333333333333333333333333333333333323333333333333333333332333333333333333333333333333333333333333333333333333333333333333333333343333333333333333333333333333333333333333332333333333333333333333333333333333333333333333333332
333333333333333333333333333333333333333333333333333333333333333333333233333332333333333333333333333333333333333333333333333333333333333333333333333333333333333333333333333333333333333333333332333333333333333333323333333333333333333333333333333333333333343
333333333333333333333333333333333333333333333333333333333333333323333333333333333333333333333333333333333333333333333333333333333333333333333333333333333333333333333333333333333333333333333333333333333333333333333333333333333333333332333333333333333333333
333333333333333333333333333333333333333333333333333333333333333333333333333333333333333333333333333333333333333333333333333333333333333333333333333333333333333333333333333333333333333333333333333333333333333333333333333333333333333333333333333333333333333
333333333333333333333333333333333333333333333333333333333333333333333332333333223333333333333333333333333333333333333333333323333333333333333333333333333333333333333333333333333333333333333333333333333333333333333333333323323332333333333333233322333332233
333333333333333333333333333333333333333333333333333333333333333333333333333333333333333333333333333333333333333333333333333333333333333333333333333333333333333333333333333332333333333333333333323333333333333323233332333233332333322222223233333333333333233
333333333333333333333333333333333333333333333333333333333333333333333333333333333333333333333333333333333333333333333333333333333333333333333333333333333333333333333233333333333333333333333333333333333333333333333333333333333333233223222111112233333333333
333333333333333333333333333333333333333333333333333333333333333333333333333333333333333333333333333333333333333333333333333333333333333333333333333333333333333333333333333333333333333332333333333333332233333333333333333333333333323323222322221010111122333
333333333333333333333333333333333333333333333333333333333333333333333333333333333333333333333333333333333333333333333333333333333333333333333333333333333332333333332323332333322233333323333333333333323333333333333333333323333333232333322333333232211100010
333333333333333333333333333333333333333333333333333333333334333333333333333333333333333333333333333233333333333333333333333333333332333333333333333323332333333333322332333333333233333333333333333233333333323333333333333333333333333333333333333333333332221
333333333333333333333333333333333333333333333333333333333333333333333333333333333333333333333333333333333333333333333333333333333333333333333333333333333333333233332233333333323333544433232233333333333333333333335333333333335432333333433543352333343333333
333333333333333333333333333333333333333333333333333333333333333333333333333333333333333333333333333333333333333333333333333333333333333333333333333333332323333344423223333333333333463555555445555555555553555654555456544545555455455555655654565453545555556
333333333333333332333333333333333333323333333333333333333333333333333333333333333333333333333333333333333333333333333333333333332333333333333323333333333333333333333232323332233333554555555434655456455645554554545445545644555555545544545644565455544555456
333333333333333333333333333333333333333333333333333333333333333333332333333333333333333333333333333333333233333323333333233333233333333333333333332333333333333333333332333333332323323354333333333333333333343333433333333333333333443333423332333333233433333
333333333333333333333333333333333333333333333333333333333333333333333333333333333333332333333333333333333333333333333333333333333333333333333233333333333322333333333333233333333333333333333333333333233332333233323333233322333333333323333333333323333323333
333333333333333333333333333333333333333333333333333333333333333333333333333333333333333333333333333333333333333333333333333333333333333333333333333333333333333333333333333333333333333333333333333333333333333333333333333333333333333333333333333333333333333
333333333333333333333333333333333333333333333333333333333333333333333333333333333333333333333333333333333333333333333333333333333333333333333333333333333333333333333333333333333333333333333333333333333333333333333333333333333333333333333333333333333333333
333333333333333333333333333333333333333333333333333333333333333333333333333333333333333333333333333333333333333333333333333333333333333333333333333333333333333333333333333333333333333333333333333333333333333333333333333333333333333333333333333333333333333
333333333333333333333333333333333333333333333333333333333333333333333333333333333333333333333333333333333333333333333333333333333333333333333333333333333333333333333333333333333333333333333333333333333333333333333333333333333333333333333333333333333333333
333333333333333333333333333333333333333333333333333333333333333333333333333333333333333333333333333333333333333333333333333333333333333333333333333333333333333333333333333333333333333333333333333333333333333333333333333333333333333333333333333333333333333
333333333333333333333333333333333333333333333333333333333333333333333333333333333333333333333333333333333333333333333333333333333333333333333333333333333333333333333333333333333333333333333333333333333333333333333333333333333333333333333333333333333333333
333333333333333333333333333333333333333333333333333333333333333333333333333333333333333333333333333333333333333333333333333333333333333333333333333333333333333333333333333333333333333333333333333333333333333333333333333333333333333333333333333333333333333
333333333333333333333333333333333333333333333333333333333333333333333333333333333333333333333333333333333333333333333333333333333333333333333333333333333333333333333333333333333333333333333333333333333333333333333333333333333333333333333333333333333333333
333333333333333333333333333333333333333333333333333333333333333333333333333333333333333333333333333333333333333333333333333333333333333333333333333333333333333333333333333333333333333333333333333333333333333333333333333333333333333333333333333333333333333
333333333333333333333333333333333333333333333333333333333333333333333333333333333333333333333333333333333333333333333333333333333333333333333333333333333333333333333333333333333333333333333333333333333333333333333333333333333333333333333333333333333333333
333333333333333333333333333333333333333333333333333333333333333333333333333333333333333333333333333333333333333333333333333333333333333333333333333333333333333333333333333333333333333333333333333333333333333333333333333333333333333333333333333333333333333
333333333333333333333333333333333333333333333333333333333333333333333333333333333333333333333333333333333333333333333333333333333333333333333333333333333333333333333333333333333333333333333333333333333333333333333333333333333333333333333333333333333333333
333333333333333333333333333333333333333333333333333333333333333333333333333333333333333333333333333333333333333333333333333333333333333333333333333333333333333333333333333333333333333333333333333333333333333333333333333333333333333333333333333333333333333

