777777777777777777777777777777777777777777777777777777777777777777777777777777777777777777777777777777777777777777777777777777777777777777777777777777777777777777777777777777777777777777777777777777777777777777777777777777777777777777777777777777777777777
777777777777777777777777777777777777777777777777777777777777777777777777777777777777777777777777777777777777777777777777777777777777777777777777777777777777777777777777777777777777777777777777777777777777777777777777777777777777777777777777777777777777777
777777777777777777777777777777777777777777777777777777777777777777777777777777777777777777777777777777777777777777777777777777777777777777777777777777777777777777777777777777777777777777777777777777777777777777777777777777777777777777777777777777777777777
777777777777777777777777777777777777777777777777777777777777777777777777777777777777777777777777777777777777777777777777777777777777777777777777777777777777777777777777777777777777777777777777777777777777777777777777777777777777777777777777777777777777777
777777777777777777777777777777777777777777777777777777777777777777777777777777777777777777777777777777777777777777777777777777777777777777777777777777777777777777777777777777777777777777777777777777777777777777777777777777777777777777777777777777777777777
777777777777777777777777777777777777777777777777777777777777777777777777777777777777777777777777777777777777777777777777777777777777777777777777777777777777777777777777777777777777777777777777777777777777777777777777777777777777777777777777777777777777777
777777777777777777777777777777777777777777777777777777777777777777777777777777777777777777777777777777777777777777777777777777777777777777777777777777777777777777777777777777777777777777777777777777777777777777777777777777777777777777777777777777777777777
777777777777777777777777777777777777777777777777777777777777777777777777777777777777777777777777777777777777777777777777777777777777777777777777777777777777777777777777777777777777777777777777777777777777777777777777777777777777777777777777777777777777777
777777777777777777777777777777777777777777777777777777777777777777777777777777777777777777777777777777777777777777777777777777777777777777777777777777777777777777777777777777777777777777777777777777777777777777777777777777777777777777777777777777777777777
777777777777777777777777777777777777777777777777777777777777777777777777777777777777777777777777777777777777777777777777777777777777777777777777777777777777777777777777777777777777777777777777777777777777777777777777777777777777777777777777777777777777777
777777777777777777777777777777777777777777777777777777777777777777777777777777777777777777777777777777777777777777777777777777777777777777777777777777777777777777777777777777777777777777777777777777777777777777777777777777777777777777777777777777777777777
777777777777777777777777777777777777777777777777777777777777777777777777777777777777777777777777777777777777777777777777777777777777777777777777777777777777777777777777777777777777777777777777777777777777777777777777777777777777777777777777777777777777777
777777777777777777777777777777777777777777777777777777777777777777777777777777777777777777777777777777777777777777777777777777777777777777777777777777777777777777777777777777777777777777777777777777777777777777777777777777777777777777777777777777777777777
777777777777777777777777777777777777777777777777777777777777777777777777777777777777777777777777777777777777777777777777777777777777777777777777777777777777777777777777777777777777777777777777777777777777777777777777777777777777777777777777777777777777777
777777777777777777777777777777777777777777777777777777777777777777777777777777777777777777777777777777777777777777777777777777777777777777777777777777777777777777777777777777777777777777777777777777777777777777777777777777777777777777777777777777777777777
777777777777777777777777777777777777777777777777777777777777777777777777777777777777777777777777777777777777777777777777777777777777777777777777777777777777777777777777777777777777777777777777777777777777777777777777777777777777777777777777777777777777777
777777777777777777777777777777777777777777777777777777777777777777777777777777777777777777777777777777777777777777777777777777777777777777777777777777777777777777777777777777777777777777777777777777777777777777777777777777777777777777777777777777777777777
777777777777777777777777777777777777777777777777777777777777777777777777777777777777777777777777777777777777777777777777777777777777777777777777777777777777777777777777777777777777777777777777777777777777777777777777777777777777777777777777777777777777777
777777777777777777777777777777777777777777777777777777777777777777777777777777777777777777777777777777777777777777777777777777777777777777777777777777777777777777777777777777777777777777777777777777777777777777777777777777777777777777777777777777777777777
777777777777777777777777777777777777777777777777777777777777777777777777777777777777777777777777777777777777777777777777777777777777777777777777777777777777777777777777777777777777777777777777777777777777777777777777777777777777777777777777777777777777777
777777777777777777777777777777777777777777777777777777777777777777777777777777777777777777777777777777777777777777777777777777777777777777777777777777777777777777777777777777777777777777777777777777777777777777777777777777777777777777777777777777777777777
777777777777777777777777777777777777777777777777777777777777777777777777777777777777777777777777777777777777777777777777777777777777777777777777777777777777777777777777777777777777777777777777777777777777777777777777777777777777777777777777777777777777777
777777777777777777777777777777777777777777777777777777777777777777777777777777777777777777777777777777777777777777777777777777777777777777777777777777777777777777777777777777777777777777777777777777777777777777777777777777777777777777777777777777777777777
777777777777777777777777777777777777777777777777777777777777777777777777777777777777777777777777777777777777777777777777777777777777777777777777777777777777777777777777777777777777777777777777777777777777777777777777777777777777777777777777777777777777777
777777777777777777777777777777777777777777777777777777777777777777777777777777777777777777777777777777777777777777777777777777777777777777777777777777777777777777777777777777777777777777777777777777777777777777777777777777777777777777777777777777777777777
777777777777777777777777777777777777777777777777777777777777777777777777777777777777777777777777777777777777777777777777777777777777777777777777777777777777777777777777777777777777777777777777777777777777777777777777777777777777777777777777777777777777777
777777777777777777777777777777777777777777777777777777777777777777777777777777777777777777777777777777777777777777777777777777777777777777777777777777777777777777777777777777777777777777777777777777777777777777777777777777777777777777777777777777777777777
777777777777777777777777777777777777777777777777777777777777777777777777777777777777777777777777777777777777777777777777777777777777777777777777777777777777777777777777777777777777777777777777777777777777777777777777777777777777777777777777777777777777777
777777777777777777777777777777777777777777777777777777777777777777777777777777777777777777777777777777777777777777777777777777777777777777777777777777777777777777777777777777777777777777777777777777777777777777777777777777777777777777777777777777777777777
777777777777777777777777777777777777777777777777777777777777777777777777777777777777777777777777777777777777777777777777777777777777777777777777777777777777777777777777777777777777777777777777777777777777777777777777777777777777777777777777777777777777777
777777777777777777777777777777777777777777777777777777777777777777777777777777777777777777777777777777777777777777777777777777777777777777777777777777777777777777777777777777777777777777777777777777777777777777777777777777777777777777777777777777777777777
777777777777777777777777777777777777777777777777777777777777777777777777777777777777777777777777777777777777777777777777777777777777777777777777777777777777777777777777777777777777777777777777777777777777777777777777777777777777777777777777777777777777777
777777777777777777777777777777777777777777777777777777777777777777777777777777777777777777777777777777777777777777777777777777777777777777777777777777777777777777777777777777777777777777777777777777777777777777777777777777777777777777777777777777777777777
777777777777777777777777777777777777777777777777777777777777777777777777777777777777777777777777777777777777777777777777777777777777777777777777777777777777777777777777777777777777777777777777777777777777777777777777777777777777777777777777777777777777777
777777777777777777777777777777777777777777777777777777777777777777777777777777777777777777777777777777777777777777777777777777777777777777777777777777777777777777777777777777777777777777777777777777777777777777777777777777777777777777777777777777777777777
777777777777777777777777777777777777777777777777777777777777777777777777777777777777777777777777777777777777777777777777777777777777777777777777777777777777777777777777777777777777777777777777777777777777777777777777777777777777777777777777777777777777777
777777777777777777777777777777777777777777777777777777777777777777777777777777777777777777777777777777777777777777777777777777777777777777777777777777777777777777777777777777777777777777777777777777777777777777777777777777777777777777777777777777777777777
777777777777777777777777777777777777777777777777777777777777777777777777777777777777777777777777777777777777777777777777777777777777777777777777777777777777777777777777777777777777777777777777777777777777777777777777777777777777777777777777777777777777777
777777777777777777777777777777777777777777777777777777777777777777777777777777777777777777777777777777777777777777777777777777777777777777777777777777777777777777777777777777777777777777777777777777777777777777777777777777777777777777777777777777777777777
777777777777777777777777777777777777777777777777777777777777777777777777777777777777777777777777777777777777777777777777777777777777777777777777777777777777777777777777777777777777777777777777777777777777777777777777777777777777777777777777777777777777777
777777777777777777777777777777777777777777777777777777777777777777777777777777777777777777777777777777777777777777777777777777777777777777777777777777777777777777777777777777777777777777777777777777777777777777777777777777777777777777777777777777777777777
777777777777777777777777777777777777777777777777777777777777777777777777777777777777777777777777777777777777777777777777777777777777777777777777777777777777777777777777777777777777777777777777777777777777777777777777777777777777777777777777777777777777777
777777777777777777777777777777777777777777777777777777777777777777777777777777777777777777777777777777777777777777777777777777777777777777777777777777777777777777777777777777777777777777777777777777777777777777777777777777777777777777777777777777777777777
777777777777777777777777777777777777777777777777777777777777777777777777777777777777777777777777777777777777777777777777777777777777777777777777777777777777777777777777777777777777777777777777777777777777777777777777777777777777777777777777777777777777777
777777777777777777777777777777777777777777777777777777777777777777777777777777777777777777777777777777777777777777777777777777777777777777777777777777777777777777777777777777777777777777777777777777777777777777777777777777777777777777777777777777777777777
777777777777777777777777777777777777777777777777777777777777777777777777777777777777777777777777777777777777777777777777777777777777777777777777777777777777777777777777777777777777777777777777777777777777777777777777777777777777777777777777777777777777777
777777777777777777777777777777777777777777777777777777777777777777777777777777777777777777777777777777777777777777777777777777777777777777777777777777777777777777777777777777777777777777777777777777777777777777777777777777777777777777777777777777777777777
777777777777777777777777777777777777777777777777777777777777777777777777777777777777777777777777777777777777777777777777777777777777777777777777777777777777777777777777777777777777777777777777777777777777777777777777777777777777777777777777777777777777777
777777777777777777777777777777777777777777777777777777777777777777777777777777777777777777777777777777777777777777777777777777777777777777777777777777777777777777777777777777777777777777777777777777777777777777777777777777777777777777777777777777777777777
777777777777777777777777777777777777777777777777777777777777777777777777777777777777777777777777777777777777777777777777777777777777777777777777777777777777777777777777777777777777777777777777777777777777777777777777777777777777777777777777777777777777777
777777777777777777777777777777777777777777777777777777777777777777777777777777777777777777777777777777777777777777777777777777777777777777777777777777777777777777777777777777777777777777777777777777777777777777777777777777777777777777777777777777777777777
777777777777777777777777777777777777777777777777777777777777777777777777777777777777777777777777777777777777777777777777777777777777777777777777777777777777777777777777777777777777777777777777777777777777777777777777777777777777777777777777777777777777777
777777777777777777777777777777777777777777777777777777777777777777777777777777777777777777777777777777777777777777777777777777777777777777777777777777777777777777777777777777777777777777777777777777777777777777777777777777777777777777777777777777777777777
777777777777777777777777777777777777777777777777777777777777777777777777777777777777777777777777777777777777777777777777777777777777777777777777777777777777777777777777777777777777777777777777777777777777777777777777777777777777777777777777777777777777777
777777777777777777777777777777777777777777777777777777777777777777777777777777777777777777777777777777777777777777777777777777777777777777777777777777777777777777777777777777777777777777777777777777777777777777777777777777777777777777777777777777777777777
777777777777777777777777777777777777777777777777777777777777777777777777777777777777777777777777777777777777777777777777777777777777777777777777777777777777777777777777777777777777777777777777777777777777777777777777777777777777777777777777777777777777777
777777777777777777777777777777777777777777777777777777777777777777777777777777777777777777777777777777777777777777777777777777777777777777777777777777777777777777777777777777777777777777777777777777777777777777777777777777777777777777777777777777777777777
777777777777777777777777777777777777777777777777777777777777777777777777777777777777777777777777777777777777777777777777777777777777777777777777777777777777777777777777777777777777777777777777777777777777777777777777777777777777777777777777777777777777777
777777777777777777777777777777777777777777777777777777777777777777777777777777777777777777777777777777777777777777777777777777777777777777777777777777777777777777777777777777777777777777777777777777777777777777777777777777777777777777777777777777777777777
777777777777777777777777777777777777777777777777777777777777777777777777777777777777777777777777777777777777777777777777777777777777777777777777777777777777777777777777777777777777777777777777777777777777777777777777777777777777777777777777777777777777777
777777777777777777777777777777777777777777777777777777777777777777777777777777777777777777777777777777777777777777777777777777777777777777777777777777777777777777777777777777777777777777777777777777777777777777777777777777777777777777777777777777777777777
777777777777777777777777777777777777777777777777777777777777777777777777777777777777777777777777777777777777777777777777777777777777777777777777777777777777777777777777777777777777777777777777777777777777777777777777777777777777777777777777777777777777777
777777777777777777777777777777777777777777777777777777777777777777777777777777777777777777777777777777777777777777777777777777777777777777777777777777777777777777777777777777777777777777777777777777777777777777777777777777777777777777777777777777777777777
777777777777777777777777777777777777777777777777777777777777777777777777777777777777777777777777777777777777777777777777777777777777777777777777777777777777777777777777777777777777777777777777777777777777777777777777777777777777777777777777777777777777777
777777777777777777777777777777777777777777777777777777777777777777777777777777777777777777777777777777777777777777777777777777777777777777777777777777777777777777777777777777777777777777777777777777777777777777777777777777777777777777777777777777777777777
777777777777777777777777777777777777777777777777777777777777777777777777777777777777777777777777777777777777777777777777777777777777777777777777777777777777777777777777777777777777777777777777777777777777777777777777777777777777777777777777777777777777777
777777777777777777777777777777777777777777777777777777777777777777777777777777777777777777777777777777777777777777777777777777777777777777777777777777777777777777777777777777777777777777777777777777777777777777777777777777777777777777777777777777777777777
777777777777777777777777777777777777777777777777777777777777777777777777777777777777777777777777777777777777777777777777777777777777777777777777777777777777777777777777777777777777777777777777777777777777777777777777777777777777777777777777777777777777777
777777777777777777777777777777777777777777777777777777777777777777777777777777777777777777777777777777777777777777777777777777777777777777777777777777777777777777777777777777777777777777777777777777777777777777777777777777777777777777777777777777777777777
777777777777777777777777777777777777777777777777777777777777777777777777777777777777777777777777777777777777777777777777777777777777777777777777777777777777777777777777777777777777777777777777777777777777777777777777777777777777777777777777777777777777777
777777777777777777777777777777777777777777777777777777777777777777777777777777777777777777777777777777777777777777777777777777777777777777777777777777777777777777777777777777777777777777777777777777777777777777777777777777777777777777777777777777777777777
777777777777777777777777777777777777777777777777777777777777777777777777777777777777777777777777777777777777777777777777777777777777777777777777777777777777777777777777777777777777777777777777777777777777777777777777777777777777777777777777777777777777777
777777777777777777777777777777777777777777777777777777777777777777777777777777777777777777777777777777777777777777777777777777777777777777777777777777777777777777777777777777777777777777777777777777777777777777777777777777777777777777777777777777777777777
777777777777777777777777777777777777777777777777777777777777777777777777777777777777777777777777777777777777777777777777777777777777777777777777777777777777777777777777777777777777777777777777777777777777777777777777777777777777777777777777777777777777777
777777777777777777777777777777777777777777777777777777777777777777777777777777777777777777777777777777777777777777777777777777777777777777777777777777777777777777777777777777777777777777777777777777777777777777777777777777777777777777777777777777777777777
777777777777777777777777777777777777777777777777777777777777777777777777777777777777777777777777777777777777777777777777777777777777777777777777777777777777777777777777777777777777777777777777777777777777777777777777777777777777777777777777777777777777777
777777777777777777777777777777777777777777777777777777777777777777777777777777777777777777777777777777777777777777777777777777777777777777777777777777777777777777777777777777777777777777777777777777777777777777777777777777777777777777777777777777777777777
777777777777777777777777777777777777777777777777777777777777777777777777777777777777777777777777777777777777777777777777777777777777777777777777777777777777777777777777777777777777777777777777777777777777777777777777777777777777777777777777777777777777777
777777777777777777777777777777777777777777777777777777777777777777777766666676766666667666766666666666666666555555556655566666666666666666666666666666676676677777777777777777777777777777777777777777777777777777777777777777777777777777777777777777777777777
777777777777777777777777777777777777777777777777777777777777777777777766666666666666666666655543344444455555555555555544545544444444444445556666544666666666667777777777777777777777777777777777777777777777777777777777777777777777777777777777777777777777777
777777777777777777777777777777777777777777777777777777777777777777777766666666665565556666666665434666555555556655555555556666666666666665555444322356666666777777777777777777777777777777777777777777777777777777777777777777777777777777777777777777777777777
777777777777777777777777777777777777777777777777777777777777777777766666655666666666555544444444553243222111000000000000000000001111222223333344454444444556676777677777777777777777777777777777777777777777777777777777777777777777777777777777777777777777777
777777777777777777777777777777777777777777777777777777777777777766666666666655555444444433333333345110000000000000000000000000001111111122222223333333333333444666667777777777777777777777777777777777777777777777777777777777777777777777777777777777777777777
777777777777777777777777777777777777777777777777777777777777777766665555444444332221111000000012334410000000000000000000000000000111111111111122222333444554433246667777777777777777777777777777777777777777777777777777777777777777777777777777777777777777777
777777777777777777777777777777777777777777777777777777777777777766643322211100000000000000000000134500000000000000000000000000011111111111111111222223333444555543567777777777777777777777777777777777777777777777777777777777777777777777777777777777777777777
777777777777777777777777777777777777777777777777777777777777777766300000000000000000000000000000023510000000000000011110000000111111111111111111112222333444445555356666777777777777777777777777777777777777777777777777777777777777777777777777777777777777777
777777777777777777777777777777777777777777777777777777777777777766000000000000000000000000000000013531000000000001011111111101111111111111123321111244444455555555544666777777777777777777777777777777777777777777777777777777777777777777777777777777777777777
777777777777777777777777777777777777777777777777777777777777777663000101222222221000012221000000003441000111100000000000111111011111111111113331111134444444555555554466777777777777777777777777777777777777777777777777777777777777777777777777777777777777777
777777777777777777777777777777777777777777777777777777777777766661011112222222220000112221122222222451000333333333333322200111011111110111113331111124444444445544455436667777777777777777777777777777777777777777777777777777777777777777777777777777777777777
777777777777777777777777777777777777777777777777777777777777667730111112222222211001122221122233332351000333333333333333420111101112101111123332111114444444444544445553666777777777777777777777777777777777777777777777777777777777777777777777777777777777777
777777777777777777777777777777777777777777777777777777777777667611111122222222311001112321133111111353100333333333333333331111111114333333333333011113344444444434444555366777777777777777777777777777777777777777777777777777777777777777777777777777777777777
777777777777777777777777777777777777777777777777777777777777676411111133333333211111111331231000001344100333333333333333341111110111111111233333111112333444444433554455536777777777777777777777777777777777777777777777777777777777777777777777777777777777777
777777777777777777777777777777777777777777777777777777777777666211022233333332111111111331231110000345100233333333333333442111111000000000013331111111333334444433455445553666777777777777777777777777777777777777777777777777777777777777777777777777777777777
777777777777777777777777777777777777777777777777777777777777665111122333333322111122111332221111110235110133333320100111123011111100001111112330111111233333444443345544555366777777777777777777777777777777777777777777777777777777777777777777777777777777777
777777777777777777777777777777777777777777777777777777777777663111222333333322111122222332222111111235210033333311111111114111111111111111111330111111133333344444234554455536777777777777777777777777777777777777777777777777777777777777777777777777777777777
777777777777777777777777777777777777777777777777777777777777662121223333333322111122222332222222211235410023333211111111113111111111111111111330111111133333334444423454445553666666667677777777777777777777777777777777777777777777777777777777777777777777777
777777777777777777777777777777777777777777777777777777777777641121333444444332111222233343334322221134510013333101111111112211111111111111111230111111123333333444432334445555366666676777777777777777777777777777777777777777777777777777777777777777777777777
777777777777777777777777777777777777777777777777777777777777621212334444444332111345544333333432221134511013333111111111111311111111111111111231111011113333333344443333444555536666667677777777777777777777777777777777777777777777777777777777777777777777777
777777777777777777777777777777777777777777777777777777777667521213344444444422222355334455555563321133521003332111111111111311111111111111111131111101113333333334444444444455553345556667677777777777777777777777777777777777777777777777777777777777777777777
777777777777777777777777777777777777777777777777777777777667421214444444444422222443545544444444311023531002332111111111111311111111111111111132111001112333333333444444544455565234665666677777777777777777777777777777777777777777777777777777777777777777777
777777777777777777777777777777777777777777777777777777777666322124445555554422223663566544333334301123551000100101111111111211111111111111111133011111111122223334444444544455556524556666677777777777777777777777777777777777777777777777777777777777777777777
777777777777777777777777777777777777777777777777777777777666212045555555555422214453455443333334200034451100130000000000000000001111111111111111111001100000000000012344444445556653455666667777777777777777777777777777777777777777777777777777777777777777777
777777777777777777777777777777777777777777777777777777776663111113555555555322225233354344333333100014462100010000000000000000011111112222221111111111111111111111000000011234556664456666667666667777777777777777777777777777777777777777777777777777777777777
777777777777777777777777777777777777777777777777777777776665555510555555555222225222344233332232111014452100001111111110025666654433222355555555566666655555555555555554444444433334346655666666667777777777777777777777777777777777777777777777777777777777777
777777777777777777777777777777777777777777777777777777777665555541355555555222235200000000000000000014444211111111111113666666666666665433334555555555555555555555555555555556666666665544445666667777777777777777777777777777777777777777777777777777777777777
777777777777777777777777777666677777777777777777776667776665555551156566664222156532110000000000000015443432101111111235666666666666666666554433333223333333333333334444444444444444456666554444455666666676666677777777777777777777777777777777777777777777777
777777777777777777777777777666676666676666666666667776676665565563125555553222155555566555555540000015443334455443322233343445566666666665555555554443333333333344444444443333232222223344566665544344566666666677777777777777777777777777777777777777777777777
777777777777777777777777776666666666666666666666666666666565555556222121111122211111111111111111100014455333344455565554333223233445666666655555555555555444444444444333333333333333333333333445566655444566666677777777777777777777777777777777777777777777777
777777777777777777777777666311111111111111111111111111111165665656666666555555555555555555554444432223455533333444455566666554332333344566665555555544445566554444444444444444444444444444444333334455665544566666666776677777777777777777777777777777777777777
777777777777777777777776666455555555555555555555555555444465655555555555555555555555555555555555554222355553223333445555666666666544333445555555555554444345666656666666666666666666666665555555555555445555555666666666677777777777777777777777777777777777777
777777777777777777777776666555556655555666666666656666664455665555555555555555555555555555555555555422234443222333334445556666666666655555555556665554443333355555666666666666666666666666666666666666666666556665566666667777777777777777777777777777777777777
777777777777777777777776665555555555555555555555555555553555555555555555555555555555555555555555555532223333332233333344455566666666666555445566666665433334444444455555555555555555555555555556666666666666665566433456667777777777777777777777777777777777777
777777777777777777777776533555555555555555555444444444443333333333333333333333333334444443333333334333323333333223333334444555566666665544333333444444444344455555554444444444444443333333444444444444444444455455554544566667777777777777777777777777777777777
777777777777777777777776323666666666666666666666666666645555336555555555555544554444444444333333333232234444343444333333333444455666554433333444555555555533445566666555555555555555554444444444444444444444444445556566556667777777777777777777777777777777777
777777777777777777777776335666666666666666666666666666646555345666665555555512555555555556666666666656666666555555544444333333333332222222222334445555555543334456666666666666666666666666555555555555555555444444446566665667777777777777777777777777777777777
777777777777777777777776236666666665555666666666666666636666663666666666666566456666555555555555556656666666666666666666666555555533444443334444433332222224555444333222222222223333333333333333333333333333222222334634443456667777777777777777777777777777777
777777777777777777777776246666666656666666666666666666636543323666666666656666456666666666666666666656666666666666666666555556666654200024433333322222233334556664444101344433333333333333322222222222222222222200234633444426666777777777777777777777777777777
777777777777777777777776356666666555566666666666666666636665156666666666664311366666666666666666666666666666666555544555666555566654211012234445665221100012556665444225554444444444444444444444444443333333333330234641123525667777777777777777777777777777777
777777777777777777777776666666666555555666666666666666635566666666666666666624666666666666666666666666666666655555555544456655556654411000123221366544444311455666444312332222222222222222222222211111111111111120234651444533666777777777777777777777777777777
777777777777777777777776666666665555555566655555555555535454455555555556666666666666666666666666666666666666555555555555555565555554341100231122236522211100255666544421111000000000000000000000000000000000001100244562233443677777777777777777777777777777777
777777777777777777777776666666665556556566655555554444535444444445555554544444555555555555666666666666666665555666666555555556655544323101331123134664432220145566544431445666666666666666666665555555555444444430144463232442666777777777777777777777777777777
777777777777777777777776645555666653466666654444444444434444444444444444444444444444444444444444545455554655556666666666655554655543322211232122222465432340034566654441366322222222222222222222222222222222222231143364234452467777777777777777777777777777777
777777777777777777777776544444566200004666664444444444434444444444444444444444444444444444444444444444445555555666666666665554565443222221224431422266433231014456654443000000000000000000000000000000000000000000244355223432466777777777777777777777777777777
777777777777777777777776544444563000000466664444444444434444444444444444444444444444444444444444444444446555555566666666666655455433322233122322332345432221003456665444210000000000000000000000111111111111111112444446223343366777777777777777777777777777777
777777777777777777777776544444650000000056665444433333433333333333333333444444444444444444444444444444456566666666666666666665445433322344432111222222221000001445665444455444444555555555555555555555555555555555554336322233667777777777777777777777777777777
777777777777777777777776534444530000000026666333333333333333333333333333333333333333333333333333344444466666665322235666666665544433233335664333333333322221112444555445555555555555555555555555555555555555555566654446534555566677777777777777777777777777777
777777777777777777777776534444410000000005666333333333333222222223333333333333333333333333333333333333466666620000000146666666544533333334554333333445555555555555555444555555555555555555555555555555554444444444444445666666556677777777777777777777777777777
777777777777777777777776654444400000000002566433333222332222222222222222232222222222222222222233333333566665000000000001566666554532333334455543333344555555556666666666666666666666666555555555555555555555555444444444555666656767777777777777777777777777777
777777777777777777777776666665300000000000466533322222232222222222222222222222222222222222222222222222666540000000000000046665555554443332344556665555555444444444444444455555555555555555555555555555666666666666666666655566666666777777777777777777777777777
777777777777777777777776555564200000110000356644332222232222222222222222222222222222222222222222222222665410000000000000004656665554433322344556666666655544333344444444455555555666666666666666666666666666666666666666655566666666777777777777777777777777777
777777777777777777777776533333200001111000246656666655433332222222222222222222222222222222222222222223544300000000000000000556666554433222344556666666655544333334444444455555555666666666666666666666666666666666666666655666666767777777777777777777777777777
777777777777777777777776322222200011111100034666666666525566555554433322221112222222222222222222222213444100000000000000000166666655433222344556666666655544333334444444455555555666666666666666666666666666666666666666655666665666777777777777777777777777777
777777777777777777777776211111100011111100022222344556536566655666666666655544433222221111122122222214443000000000000000000046665544333333344555666666655544333334444444455555555566666666666666666666666666666666666666655556655566777777777777777777777777777
777777777777777777777776411111100111111110011111111122434445555666666555555555566665555444332222111224431000000000111000000016666666655444444444444444555544444444444444455555555566666666666666666666666666666666666666655556666566777777777777777777777777777
777777777777777777777776411111100101101110001111111111322222222233344455556666555555555566666665555454330000000011111110000004666667664322345666666666555444333334444444455555555566666666666666666666666666666666666666655656666566777777777777777777777777777
777777777777777777777776411111100026521110001111111111231211111111111222222233445555666666666666666564320000000111111111000001666666653222345566666666555444333333454444455555555555555555444444444333333222222222221123555556666566777777777777777777777777777
777777777777777777777776521111101134331110001111111111231211111111111111121222222222333445555666666564220000001111111111100000456666543222345566666666555544333333344444311000000000000000000000000000000000000000001100155556666566777777777777777777777777777
777777777777777777777776621111110322213111001111111111131111111111111111121121222122222222222233344453210000011111111111100000255666543222344566666666555544333333344442000000000000000000000000000000000111111111122221025556666566777777777777777777777777777
777777777777777777777776631111110530213011000111111111131111111111111111121111111121212222222222222222210000011111111111110000145566543222334566666666555544333333334420111222222222222222222222222221111111111111111110005532110266777777777777777777777777777
777777777777777777777776661023311332325111000111111111121111111111111111121111111111111111222222222222110000111110011111111000045565543222334543333333333322211122334300000000000000000000000000000000000000000000000000004520110467777777777777777777777777777
777777777777777777777776666321212314331311000011111111112111111111111111111111111111111111111111122212110000111011100111111000034555543222334100000000000000000144333100000000000000011111111111222222233333333444444445554531111466777777777777777777777777777
777777777777777777777776654332112224434411000011111111111111111111111111111111111111111111111111111211110001110136652011111000024555543222334000011100000010000266533444445555555555555555555555555555555555555555555544444532221566777777777777777777777777777
777777777777777777777776643355412234523301100001111111111111111111111111111111111111111111111111111111110001101325163201111100004555543222334100222211000010000466333333334444444444444444444444444444444444444444433333344443331666777777777777777777777777777
777777777777777777777776663355514422233211100000000011111110144211111111111111111111111111111111111111110001114122130311111100004455443222334200133321000000001665223233233333333444444444433333333333333333322211111123334454321666777777777777777777777777777
777777777777777777777776662211104422251111100000000000211010232111111111111111111111111111111111111111110001044211120030111110003455443222234300133431000100005663222222222211111112111111111221111111111111100000000023334452211666777777777777777777777777777
777777777777777777777776666555414532233311100000000000112221111111111111111111111111111111111111111111110011154210111032111110002445433222234400244431000000026642222222221000000011122222222212111111111111110000000013334452212666777777777777777777777777777
777777777777777777777777777777614422431211100000000000001321100011211111111111111111111111111111111111110010322410212034011110001444433322234500212311000000056622222222220100000010000000000000000000000000000000101003334452003666777777777777777777777777777
777777777777777777777777777777614532331411100000000000004611100000001111111111111111111111111111111111110010421230223044111110000334433322234510023210001000366322222222210000000000000000000000000000000000000000001002334453124676777777777777777777777777777
777777777777777777777777777777624543221301100000000001003301111111110000000111111111111111111111111111111001430041223012211110000334333322234520000000000001665112222222200001010000000000000000000000000000000000000002334456655666777777777777777777777777777
777777777777777777777777777777622311212201000000000016100100000011111111110000111111111111111111111124311001222122242022401111000344433332234541000000000015662122222222100000000000000000000000000000000000000000001001444556655666777777777777777777777777777
777777777777777777777777777777622542233301000000000026212000002310000011111111111012001110111111111123112002212314443424501111000455544322233454334444444445421222222221000000000000000000000000000000000000000011111112455666665666777777777777777777777777777
777777777777777777777777777777632553224201000000000026664111366666520000000011111111111122211111111121111002321135461302211111000344555443345555555555555444333334444441000000111000000011111111111111222223333433445555554456665666777777777777777777777777777
777777777777777777777777777777640662124100000000000046767666667777665200000000000011111110111110121000011003431042044232111111000444444434456654322333444555555455555555333222333333333444444444455555555555444433333223333445665666777777777777777777777777777
777777777777777777777777777777650424123100000000000046777777777777766665432346543110000111111116510001000004441022115230021111000222233332233456666666655544333333333344444445444444433333222222111100000000000000000000222222345666777777777777777777777777777
777777777777777777777777777777661133143000000000000056777777777777766666666666676665532100000036500000000004431132115220020111000222233333223345566666555443222222222222210000000000000000000000000000000000000000000000010566666666777777777777777777777777777
777777777777777777777777777777661031222000000000000066777777777777766666666667676676776666432011200000000003455334214151020111000122222222222222333333222211111122222222000000000000000000000000000000000000000000000001111567667666777777777777777777777777777
777777777777777777777777777777663014220000000000000266777777666777766666667776666667777777666664100001000002332234313221030111000000000000000000000000000000000000000000000000000000000000000000000000000000000000000111110567777777777777777777777777777777777
777777777777777777777777777777665002210000000000000466666777666677766677777777776666667777666666300000000003652133224123130111000000001222111111100000000000000000000000000000000000000000000000000000000000000000000000011667777777777777777777777777777777777
777777777777777777777777777777666100000000000000000666666666666666666666666666666666666666666666610000000002545323214111420111000000000122222221111100000000000000000000000000000000000000000000000000000000000011111111056667777777777777777777777777777777777
777777777777777777777777777776766300000000000000002555554444444444444444334444444444444444444555540000000001443133233020320111000000000011111110000000000000000000000000000000000000000000001111111111111000000000000000067777777777777777777777777777777777777
777777777777777777777777777766666600000000000000003333333222222222222222222222222222111111111111100000000001321001412121110111000000000000011222111110000000000000000111111111111100000000000000000000000000000000000000167777777777777777777777777777777777777
777777777777777777777777777666666640000000000000012222221111111111111111111111111111111111111111111111222101455012111301210110000000000000000001233332222211000000000000000000000122233000011000000022010000000000000000267777777777777777777777777777777777777
777777777777777777777777777666666662000000000000000000011111111111111111111111111111111111111112222222233200455221212402300111000000000000123456676776666676554333432222222233455677766100002000110025200000000000000000467777777777777777777777777777777777777
777777777777777777777777777666766666643322111111122222222222222222111111111111111111111111111111122222222200455541111410300110000000000000366677777777766677766666666666666666666777666300000101200012100000000000000000667777777777777777777777777777777777777
777777777777777777777777777666777666666666666666555555444444433333332222222222211111111111111111111111122200255512102330200110000000000000466666666666666677767667667666667766666777766500000110000011000000000000000002667777777777777777777777777777777777777
777777777777777777777777777666777766676666666666666666666555554444443333332222222222111111111111111111111100155215102431100100000000000000566666666666666666666776666776666667677777776610000002212210000000000000000004667777777777777777777777777777777777777
777777777777777777777777777777777777777766666666666666666666655555544444333333222222222111111111111111111100022053013513000100000000000000444555556666666666666666676667777777777777777740000000000000000000000000000006667777777777777777777777777777777777777
777777777777777777777777777777777777777766667777766666666666666665555544444333333222222222111111111111111110012351033423000000000000000001333334444455555666666666666666666777666777777761000000000000000000000000000046667777777777777777777777777777777777777
777777777777777777777777777777777777777766677777776666666666666666666555554444443333322222222211111111111110002212040330000000000000000001222222233333444445555566666666666666666677777765000000000000000000000000000166667777777777777777777777777777777777777
777777777777777777777777777777777777777777777777777777666666666666666666665555544444333333222222222111111110000232021210000000000000000001111112222222223333344444555556666666666666666666300000000000000000000000000567777777777777777777777777777777777777777
777777777777777777777777777777777777777777777777777777666666666666666666666666655555444443333332222222221111000135422100000000000000000001111111111111222222223333344444455555666666666666610000000000000000000000004667777777777777777777777777777777777777777
777777777777777777777777777777777777777777777777777777666777777776666666666666666666555554444443333322222222000002311000000000000000000001111111111111111111222222223333334444455555566666661000000000000000000000036667777777777777777777777777777777777777777
777777777777777777777777777777777777777777777777777777777777777777777766666666666666666665555544444333333222100000000000000000000000000011111111111111111111111111122222222233333334444444455100000000000000000000466666677777777777777777777777777777777777777
777777777777777777777777777777777777777777777777777777777777777777777766666666666666666666666655555444444333300000000000000000000000000011111111111111111111111111111111111111111111122211111100000000000000000036667666667777777777777777777777777777777777777
777777777777777777777777777777777777777777777777777777777777777777777766667777777766666666666666666655555444420000000000000000000000000111111111111111111111111111111111111111111111000000000000000000000000001466666666667777777777777777777777777777777777777
777777777777777777777777777777777777777777777777777777777777777777777776677777777766766666666666666666665555551000000000000000000000001111111111111110111000000001111111111111111111111111111111111111122222333345566666677777777777777777777777777777777777777
777777777777777777777777777777777777777777777777777777777777777777777777777777777777777666666666666666666666555100000000000000000000011111111111111111111111111111111111111111111111111111122222222223333334444455556666666666777777777777777777777777777777777
777777777777777777777777777777777777777777777777777777777777777777777777777777777777777666777777766666666666655400000000000000000000000000000111111111111111111111111111111111122222222222222233333333444444455555556666666666677777777777777777777777777777777
777777777777777777777777777777777777777777777777777777777777777777777777777777777777777666677777777777666666666651000000000000000000000011111111111111111111111222222222222222222223333333333334444444445555555556666666666666667777777777777777777777777777777
777777777777777777777777777777777777777777777777777777777777777777777777777777777777777777777777777777777776666666654321111111111122222222222222222222222222333333333333333333333344444444444444555555555556666666666666666667777777777777777777777777777777777
777777777777777777777777777777777777777777777777777777777777777777777777777777777777777777777777777777777777777666666666666655555444444444444444444444444444444444444444444444444555555555555555566666666666666666666666776667777777777777777777777777777777777
777777777777777777777777777777777777777777777777777777777777777777777777777777777777777777777777777777777777777777666666667666666666666666666665555555555555555555555555555555666666666666666666666666666666667777766667777777777777777777777777777777777777777
777777777777777777777777777777777777777777777777777777777777777777777777777777777777777777777777777777777777777777677776677777777777766666666666666666666666666666666666666666666666666666666666667777777777777777777777777777777777777777777777777777777777777
777777777777777777777777777777777777777777777777777777777777777777777777777777777777777777777777777777777777777777777777777777777777777776666777777777766666666666666666667777777777766666677777777777777777777777777777777777777777777777777777777777777777777
777777777777777777777777777777777777777777777777777777777777777777777777777777777777777777777777777777777777777777777777777777777777777776666666777777666666677777776666666777777666777766677777777777777777777777777777777777777777777777777777777777777777777
777777777777777777777777777777777777777777777777777777777777777777777777777777777777777777777777777777777777777777777777777777777777777777667777777666777777777777777777777666777777777766677777777777777777777777777777777777777777777777777777777777777777777
777777777777777777777777777777777777777777777777777777777777777777777777777777777777777777777777777777777777777777777777777777777777777777777777777777777777777777777777777777777777777777777777777777777777777777777777777777777777777777777777777777777777777
777777777777777777777777777777777777777777777777777777777777777777777777777777777777777777777777777777777777777777777777777777777777777777777777777777777777777777777777777777777777777777777777777777777777777777777777777777777777777777777777777777777777777
777777777777777777777777777777777777777777777777777777777777777777777777777777777777777777777777777777777777777777777777777777777777777777777777777777777777777777777777777777777777777777777777777777777777777777777777777777777777777777777777777777777777777
777777777777777777777777777777777777777777777777777777777777777777777777777777777777777777777777777777777777777777777777777777777777777777777777777777777777777777777777777777777777777777777777777777777777777777777777777777777777777777777777777777777777777
777777777777777777777777777777777777777777777777777777777777777777777777777777777777777777777777777777777777777777777777777777777777777777777777777777777777777777777777777777777777777777777777777777777777777777777777777777777777777777777777777777777777777
777777777777777777777777777777777777777777777777777777777777777777777777777777777777777777777777777777777777777777777777777777777777777777777777777777777777777777777777777777777777777777777777777777777777777777777777777777777777777777777777777777777777777
777777777777777777777777777777777777777777777777777777777777777777777777777777777777777777777777777777777777777777777777777777777777777777777777777777777777777777777777777777777777777777777777777777777777777777777777777777777777777777777777777777777777777
777777777777777777777777777777777777777777777777777777777777777777777777777777777777777777777777777777777777777777777777777777777777777777777777777777777777777777777777777777777777777777777777777777777777777777777777777777777777777777777777777777777777777
777777777777777777777777777777777777777777777777777777777777777777777777777777777777777777777777777777777777777777777777777777777777777777777777777777777777777777777777777777777777777777777777777777777777777777777777777777777777777777777777777777777777777
777777777777777777777777777777777777777777777777777777777777777777777777777777777777777777777777777777777777777777777777777777777777777777777777777777777777777777777777777777777777777777777777777777777777777777777777777777777777777777777777777777777777777
777777777777777777777777777777777777777777777777777777777777777777777777777777777777777777777777777777777777777777777777777777777777777777777777777777777777777777777777777777777777777777777777777777777777777777777777777777777777777777777777777777777777777
777777777777777777777777777777777777777777777777777777777777777777777777777777777777777777777777777777777777777777777777777777777777777777777777777777777777777777777777777777777777777777777777777777777777777777777777777777777777777777777777777777777777777
777777777777777777777777777777777777777777777777777777777777777777777777777777777777777777777777777777777777777777777777777777777777777777777777777777777777777777777777777777777777777777777777777777777777777777777777777777777777777777777777777777777777777
777777777777777777777777777777777777777777777777777777777777777777777777777777777777777777777777777777777777777777777777777777777777777777777777777777777777777777777777777777777777777777777777777777777777777777777777777777777777777777777777777777777777777
777777777777777777777777777777777777777777777777777777777777777777777777777777777777777777777777777777777777777777777777777777777777777777777777777777777777777777777777777777777777777777777777777777777777777777777777777777777777777777777777777777777777777
777777777777777777777777777777777777777777777777777777777777777777777777777777777777777777777777777777777777777777777777777777777777777777777777777777777777777777777777777777777777777777777777777777777777777777777777777777777777777777777777777777777777777
777777777777777777777777777777777777777777777777777777777777777777777777777777777777777777777777777777777777777777777777777777777777777777777777777777777777777777777777777777777777777777777777777777777777777777777777777777777777777777777777777777777777777
777777777777777777777777777777777777777777777777777777777777777777777777777777777777777777777777777777777777777777777777777777777777777777777777777777777777777777777777777777777777777777777777777777777777777777777777777777777777777777777777777777777777777
777777777777777777777777777777777777777777777777777777777777777777777777777777777777777777777777777777777777777777777777777777777777777777777777777777777777777777777777777777777777777777777777777777777777777777777777777777777777777777777777777777777777777
777777777777777777777777777777777777777777777777777777777777777777777777777777777777777777777777777777777777777777777777777777777777777777777777777777777777777777777777777777777777777777777777777777777777777777777777777777777777777777777777777777777777777
777777777777777777777777777777777777777777777777777777777777777777777777777777777777777777777777777777777777777777777777777777777777777777777777777777777777777777777777777777777777777777777777777777777777777777777777777777777777777777777777777777777777777
777777777777777777777777777777777777777777777777777777777777777777777777777777777777777777777777777777777777777777777777777777777777777777777777777777777777777777777777777777777777777777777777777777777777777777777777777777777777777777777777777777777777777
777777777777777777777777777777777777777777777777777777777777777777777777777777777777777777777777777777777777777777777777777777777777777777777777777777777777777777777777777777777777777777777777777777777777777777777777777777777777777777777777777777777777777
777777777777777777777777777777777777777777777777777777777777777777777777777777777777777777777777777777777777777777777777777777777777777777777777777777777777777777777777777777777777777777777777777777777777777777777777777777777777777777777777777777777777777
777777777777777777777777777777777777777777777777777777777777777777777777777777777777777777777777777777777777777777777777777777777777777777777777777777777777777777777777777777777777777777777777777777777777777777777777777777777777777777777777777777777777777
777777777777777777777777777777777777777777777777777777777777777777777777777777777777777777777777777777777777777777777777777777777777777777777777777777777777777777777777777777777777777777777777777777777777777777777777777777777777777777777777777777777777777
777777777777777777777777777777777777777777777777777777777777777777777777777777777777777777777777777777777777777777777777777777777777777777777777777777777777777777777777777777777777777777777777777777777777777777777777777777777777777777777777777777777777777
777777777777777777777777777777777777777777777777777777777777777777777777777777777777777777777777777777777777777777777777777777777777777777777777777777777777777777777777777777777777777777777777777777777777777777777777777777777777777777777777777777777777777
777777777777777777777777777777777777777777777777777777777777777777777777777777777777777777777777777777777777777777777777777777777777777777777777777777777777777777777777777777777777777777777777777777777777777777777777777777777777777777777777777777777777777
777777777777777777777777777777777777777777777777777777777777777777777777777777777777777777777777777777777777777777777777777777777777777777777777777777777777777777777777777777777777777777777777777777777777777777777777777777777777777777777777777777777777777
777777777777777777777777777777777777777777777777777777777777777777777777777777777777777777777777777777777777777777777777777777777777777777777777777777777777777777777777777777777777777777777777777777777777777777777777777777777777777777777777777777777777777
777777777777777777777777777777777777777777777777777777777777777777777777777777777777777777777777777777777777777777777777777777777777777777777777777777777777777777777777777777777777777777777777777777777777777777777777777777777777777777777777777777777777777
777777777777777777777777777777777777777777777777777777777777777777777777777777777777777777777777777777777777777777777777777777777777777777777777777777777777777777777777777777777777777777777777777777777777777777777777777777777777777777777777777777777777777
777777777777777777777777777777777777777777777777777777777777777777777777777777777777777777777777777777777777777777777777777777777777777777777777777777777777777777777777777777777777777777777777777777777777777777777777777777777777777777777777777777777777777
777777777777777777777777777777777777777777777777777777777777777777777777777777777777777777777777777777777777777777777777777777777777777777777777777777777777777777777777777777777777777777777777777777777777777777777777777777777777777777777777777777777777777
777777777777777777777777777777777777777777777777777777777777777777777777777777777777777777777777777777777777777777777777777777777777777777777777777777777777777777777777777777777777777777777777777777777777777777777777777777777777777777777777777777777777777
777777777777777777777777777777777777777777777777777777777777777777777777777777777777777777777777777777777777777777777777777777777777777777777777777777777777777777777777777777777777777777777777777777777777777777777777777777777777777777777777777777777777777
777777777777777777777777777777777777777777777777777777777777777777777777777777777777777777777777777777777777777777777777777777777777777777777777777777777777777777777777777777777777777777777777777777777777777777777777777777777777777777777777777777777777777
777777777777777777777777777777777777777777777777777777777777777777777777777777777777777777777777777777777777777777777777777777777777777777777777777777777777777777777777777777777777777777777777777777777777777777777777777777777777777777777777777777777777777
777777777777777777777777777777777777777777777777777777777777777777777777777777777777777777777777777777777777777777777777777777777777777777777777777777777777777777777777777777777777777777777777777777777777777777777777777777777777777777777777777777777777777
777777777777777777777777777777777777777777777777777777777777777777777777777777777777777777777777777777777777777777777777777777777777777777777777777777777777777777777777777777777777777777777777777777777777777777777777777777777777777777777777777777777777777
777777777777777777777777777777777777777777777777777777777777777777777777777777777777777777777777777777777777777777777777777777777777777777777777777777777777777777777777777777777777777777777777777777777777777777777777777777777777777777777777777777777777777
777777777777777777777777777777777777777777777777777777777777777777777777777777777777777777777777777777777777777777777777777777777777777777777777777777777777777777777777777777777777777777777777777777777777777777777777777777777777777777777777777777777777777
777777777777777777777777777777777777777777777777777777777777777777777777777777777777777777777777777777777777777777777777777777777777777777777777777777777777777777777777777777777777777777777777777777777777777777777777777777777777777777777777777777777777777
777777777777777777777777777777777777777777777777777777777777777777777777777777777777777777777777777777777777777777777777777777777777777777777777777777777777777777777777777777777777777777777777777777777777777777777777777777777777777777777777777777777777777
777777777777777777777777777777777777777777777777777777777777777777777777777777777777777777777777777777777777777777777777777777777777777777777777777777777777777777777777777777777777777777777777777777777777777777777777777777777777777777777777777777777777777
777777777777777777777777777777777777777777777777777777777777777777777777777777777777777777777777777777777777777777777777777777777777777777777777777777777777777777777777777777777777777777777777777777777777777777777777777777777777777777777777777777777777777
777777777777777777777777777777777777777777777777777777777777777777777777777777777777777777777777777777777777777777777777777777777777777777777777777777777777777777777777777777777777777777777777777777777777777777777777777777777777777777777777777777777777777
777777777777777777777777777777777777777777777777777777777777777777777777777777777777777777777777777777777777777777777777777777777777777777777777777777777777777777777777777777777777777777777777777777777777777777777777777777777777777777777777777777777777777
777777777777777777777777777777777777777777777777777777777777777777777777777777777777777777777777777777777777777777777777777777777777777777777777777777777777777777777777777777777777777777777777777777777777777777777777777777777777777777777777777777777777777
777777777777777777777777777777777777777777777777777777777777777777777777777777777777777777777777777777777777777777777777777777777777777777777777777777777777777777777777777777777777777777777777777777777777777777777777777777777777777777777777777777777777777
777777777777777777777777777777777777777777777777777777777777777777777777777777777777777777777777777777777777777777777777777777777777777777777777777777777777777777777777777777777777777777777777777777777777777777777777777777777777777777777777777777777777777
777777777777777777777777777777777777777777777777777777777777777777777777777777777777777777777777777777777777777777777777777777777777777777777777777777777777777777777777777777777777777777777777777777777777777777777777777777777777777777777777777777777777777
777777777777777777777777777777777777777777777777777777777777777777777777777777777777777777777777777777777777777777777777777777777777777777777777777777777777777777777777777777777777777777777777777777777777777777777777777777777777777777777777777777777777777
777777777777777777777777777777777777777777777777777777777777777777777777777777777777777777777777777777777777777777777777777777777777777777777777777777777777777777777777777777777777777777777777777777777777777777777777777777777777777777777777777777777777777
777777777777777777777777777777777777777777777777777777777777777777777777777777777777777777777777777777777777777777777777777777777777777777777777777777777777777777777777777777777777777777777777777777777777777777777777777777777777777777777777777777777777777
777777777777777777777777777777777777777777777777777777777777777777777777777777777777777777777777777777777777777777777777777777777777777777777777777777777777777777777777777777777777777777777777777777777777777777777777777777777777777777777777777777777777777
777777777777777777777777777777777777777777777777777777777777777777777777777777777777777777777777777777777777777777777777777777777777777777777777777777777777777777777777777777777777777777777777777777777777777777777777777777777777777777777777777777777777777
777777777777777777777777777777777777777777777777777777777777777777777777777777777777777777777777777777777777777777777777777777777777777777777777777777777777777777777777777777777777777777777777777777777777777777777777777777777777777777777777777777777777777
777777777777777777777777777777777777777777777777777777777777777777777777777777777777777777777777777777777777777777777777777777777777777777777777777777777777777777777777777777777777777777777777777777777777777777777777777777777777777777777777777777777777777
777777777777777777777777777777777777777777777777777777777777777777777777777777777777777777777777777777777777777777777777777777777777777777777777777777777777777777777777777777777777777777777777777777777777777777777777777777777777777777777777777777777777777
777777777777777777777777777777777777777777777777777777777777777777777777777777777777777777777777777777777777777777777777777777777777777777777777777777777777777777777777777777777777777777777777777777777777777777777777777777777777777777777777777777777777777
777777777777777777777777777777777777777777777777777777777777777777777777777777777777777777777777777777777777777777777777777777777777777777777777777777777777777777777777777777777777777777777777777777777777777777777777777777777777777777777777777777777777777
777777777777777777777777777777777777777777777777777777777777777777777777777777777777777777777777777777777777777777777777777777777777777777777777777777777777777777777777777777777777777777777777777777777777777777777777777777777777777777777777777777777777777
777777777777777777777777777777777777777777777777777777777777777777777777777777777777777777777777777777777777777777777777777777777777777777777777777777777777777777777777777777777777777777777777777777777777777777777777777777777777777777777777777777777777777
777777777777777777777777777777777777777777777777777777777777777777777777777777777777777777777777777777777777777777777777777777777777777777777777777777777777777777777777777777777777777777777777777777777777777777777777777777777777777777777777777777777777777
777777777777777777777777777777777777777777777777777777777777777777777777777777777777777777777777777777777777777777777777777777777777777777777777777777777777777777777777777777777777777777777777777777777777777777777777777777777777777777777777777777777777777
777777777777777777777777777777777777777777777777777777777777777777777777777777777777777777777777777777777777777777777777777777777777777777777777777777777777777777777777777777777777777777777777777777777777777777777777777777777777777777777777777777777777777
777777777777777777777777777777777777777777777777777777777777777777777777777777777777777777777777777777777777777777777777777777777777777777777777777777777777777777777777777777777777777777777777777777777777777777777777777777777777777777777777777777777777777
777777777777777777777777777777777777777777777777777777777777777777777777777777777777777777777777777777777777777777777777777777777777777777777777777777777777777777777777777777777777777777777777777777777777777777777777777777777777777777777777777777777777777
