111111111111111111111111111111111111111111111111111111111111111111111111111111111111111111111111111111111111111111111111
111111111111111111111111111111111111111111111111111111111111111111111111111111111111111111111111111111111111111111111111
111111111111111111111111111111111111111111111111111111111111111111111111111111111111111111111111111111111111111111111111
111111111111111111111111111111111111111111111111111111111111111111111111111111111111111111111111111111111111111111111111
111100000000000011111111110000000000000000000000000000000000000000000000000000000000000000000000000000000000000000001111
111100000000000011111111110000000000000000000000000000000000000000000000000000000000000000000000000000000000000000001111
111100000000000011111111110000000000000000000000000000000000000000000000000000000000000000000000000000000000000000001111
111100000000000011111111110000000000000000000000000000000000000000000000000000000000000000000000000000000000000000001111
111100000000000011111111110000000000000000000000000000000000000000000000000000000000000000000000000000000000000000001111
111100000000000011111111110000000000000000000000000000000000000000000000000000000000000000000000000000000000000000001111
111100000000000011111111110000000000000000000000000000000000000000000000000000000000000000000000000000000000000000001111
111100000000000011111111110000000000000000000000000000000000000000000000000000000000000000000000000000000000000000001111
111100000000000011111111110000000000000000000000000000000000000000000000000000000000000000000000000000000000000000001111
111100000000000011111111110000000000000000000000000000000000000000000000000000000000000000000000000000000000000000001111
111100000000000011111111110000000000000000000000000000000000000000000000000000000000000000000000000000000000000000001111
111100000000000011111111110000000000000000000000000000000000000000000000000000000000000000000000000000000000000000001111
111100000000000011111111110000000000000000000000000000000000000000000000000000000000000000000000000000000000000000001111
111100000000000011111111110000000000000000000000000000000000000000000000000000000000000000000000000000000000000000001111
111100000000000011111111110000000000000000000000000000000000000000000000000000000000000000000000000000000000000000001111
111100000000000011111111110000000000000000000000000000000000000000000000000000000000000000000000000000000000000000001111
111100000000000011111111110000000000000000000000000000000000000000000000000000000000000000000000000000000000000000001111
111100000000000011111111110000000000000000000000000000000000000000000000000000000000000000000000000000000000000000001111
111100000000000011111111110000000000000000000000000000000000000000000000000000000000000000000000000000000000000000001111
111100000000000011111111110000000000000000000000000000000000000000000000000000000000000000000000000000000000000000001111
111100000000000011111111110000000000000000000000000000000000000000000000000000000000000000000000000000000000000000001111
111100000000000011111111110000000000000000000000000000000000000000000000000000000000000000000000000000000000000000001111
111100000000000011111111110000000000000000000000000000000000000000000000000000000000000000000000000000000000000000001111
111100000000000011111111110000000000000000000000000000000000000000000000000000000000000000000000000000000000000000001111
111100000000000011111111110000000000000000000000000000000000000000000000000000000000000000000000000000000000000000001111
111100000000000011111111110000000000000000000000000000000000000000000000000000000000000000000000000000000000000000001111
111100000000000011111111110000000000000000000000000000000000000000000000000000000000000000000000000000000000000000001111
111100000000000011111111110000000000000000000000000000000000000000000000000000000000000000000000000000000000000000001111
111100000000000011111111110000000000000000000000000000000000000000000000000000000000000000000000000000000000000000001111
111100000000000011111111110000000000000000000000000000000000000000000000000000000000000000000000000000000000000000001111
111100000000000011111111110000000000000000000000000000000000000000000000000000000000000000000000000000000000000000001111
111100000000000011111111110000000000000000000000000000000000000000000000000000000000000000000000000000000000000000001111
111100000000000011111111110000000000000000000000000000000000000000000000000000000000000000000000000000000000000000001111
111100000000000011111111110000000000000000000000000000000000000000000000000000000000000000000000000000000000000000001111
111100000000000011111111110000000000000000000000000000000000000000000000000000000000000000000000000000000000000000001111
111100000000000011111111110000000000000000000000000000000000000000000000000000000000000000000000000000000000000000001111
111100000000000011111111110000000000000000000000000000000000000000000000000000000000000000000000000000000000000000001111
111100000000000011111111110000000000000000000000000000000000000000000000000000000000000000000000000000000000000000001111
111100000000000011111111110000000000000000000000000000000000000000000000000000000000000000000000000000000000000000001111
111100000000000011111111110000000000000000000000000000000000000000000000000000000000000000000000000000000000000000001111
111100000000000011111111110000000000000000000000000000000000000000000000000000000000000000000000000000000000000000001111
111100000000000011111111110000000000000000000000000000000000000000000000000000000000000000000000000000000000000000001111
111100000000000011111111110000000000000000000000000000000000000000000000000000000000000000000000000000000000000000001111
111100000000000011111111110000000000000000000000000000000000000000000000000000000000000000000000000000000000000000001111
111100000000000011111111110000000000000000000000000000000000000000000000000000000000000000000000000000000000000000001111
111100000000000011111111110000000000000000000000000000000000000000000000000000000000000000000000000000000000000000001111
111100000000000011111111110000000000000000000000000000000000000000000000000000000000000000000000000000000000000000001111
111100000000000011111111110000000000000000000000000000000000000000000000000000000000000000000000000000000000000000001111
111100000000000011111111110000000000000000000000000000000000000000000000000000000000000000000000000000000000000000001111
111100000000000011111111110000000000000000000000000000000000000000000000000000000000000000000000000000000000000000001111
111100000000000011111111110000000000000000000000000000000000000000000000000000000000000000000000000000000000000000001111
111100000000000011111111110000000000000000000000000000000000000000000000000000000000000000000000000000000000000000001111
111100000000000011111111110000000000000000000000000000000000000000000000000000000000000000000000000000000000000000001111
111100000000000011111111110000000000000000000000000000000000000000000000000000000000000000000000000000000000000000001111
111100000000000011111111110000000000000000000000000000000000000000000000000000000000000000000000000000000000000000001111
111100000000000011111111110000000000000000000000000000000000000000000000000000000000000000000000000000000000000000001111
111100000000000011111111110000000000000000000000000000000000000000000000000000000000000000000000000000000000000000001111
111100000000000011111111110000000000000000000000000000000000000000000000000000000000000000000000000000000000000000001111
111100000000000011111111110000000000000000000000000000000000000000000000000000000000000000000000000000000000000000001111
111100000000000011111111110000000000000000000000000000000000000000000000000000000000000000000000000000000000000000001111
111100000000000011111111110000000000000000000000000000000000000000000000000000000000000000000000000000000000000000001111
111100000000000011111111110000000000000000000000000000000000000000000000000000000000000000000000000000000000000000001111
111100000000000011111111110000000000000000000000000000000000000000000000000000000000000000000000000000000000000000001111
111100000000000011111111110000000000000000000000000000000000000000000000000000000000000000000000000000000000000000001111
111100000000000011111111110000000000000000000000000000000000000000000000000000000000000000000000000000000000000000001111
111100000000000011111111110000000000000000000000000000000000000000000000000000000000000000000000000000000000000000001111
111100000000000011111111110000000000000000000000000000000000000000000000000000000000000000000000000000000000000000001111
111100000000000011111111110000000000000000000000000000000000000000000000000000000000000000000000000000000000000000001111
111100000000000011111111110000000000000000000000000000000000000000000000000000000000000000000000000000000000000000001111
111100000000000011111111110000000000000000000000000000000000000000000000000000000000000000000000000000000000000000001111
111100000000000011111111110000000000000000000000000000000000000000000000000000000000000000000000000000000000000000001111
111100000000000011111111110000000000000000000000000000000000000000000000000000000000000000000000000000000000000000001111
111100000000000011111111110000000000000000000000000000000000000000000000000000000000000000000000000000000000000000001111
111100000000000011111111110000000000000000000000000000000000000000000000000000000000000000000000000000000000000000001111
111100000000000011111111110000000000000000000000000000000000000000000000000000000000000000000000000000000000000000001111
111100000000000011111111110000000000000000000000000000000000000000000000000000000000000000000000000000000000000000001111
111100000000000011111111110000000000000000000000000000000000000000000000000000000000000000000000000000000000000000001111
111100000000000011111111110000000000000000000000000000000000000000000000000000000000000000000000000000000000000000001111
111100000000000011111111110000000000000000000000000000000000000000000000000000000000000000000000000000000000000000001111
111100000000000011111111110000000000000000000000000000000000000000000000000000000000000000000000000000000000000000001111
111100000000000011111111110000000000000000000000000000000000000000000000000000000000000000000000000000000000000000001111
111100000000000011111111110000000000000000000000000000000000000000000000000000000000000000000000000000000000000000001111
111100000000000011111111110000000000000000000000000000000000000000000000000000000000000000000000000000000000000000001111
111100000000000011111111110000000000000000000000000000000000000000000000000000000000000000000000000000000000000000001111
111100000000000011111111110000000000000000000000000000000000000000000000000000000000000000000000000000000000000000001111
111100000000000011111111110000000000000000000000000000000000000000000000000000000000000000000000000000000000000000001111
111100000000000011111111110000000000000000000000000000000000000000000000000000000000000000000000000000000000000000001111
111100000000000011111111110000000000000000000000000000000000000000000000000000000000000000000000000000000000000000001111
111100000000000011111111110000000000000000000000000000000000000000000000000000000000000000000000000000000000000000001111
111100000000000011111111110000000000000000000000000000000000000000000000000000000000000000000000000000000000000000001111
111100000000000011111111110000000000000000000000000000000000000000000000000000000000000000000000000000000000000000001111
111100000000000011111111110000000000000000000000000000000000000000000000000000000000000000000000000000000000000000001111
111100000000000011111111110000000000000000000000000000000000000000000000000000000000000000000000000000000000000000001111
111100000000000011111111110000000000000000000000000000000000000000000000000000000000000000000000000000000000000000001111
111100000000000011111111110000000000000000000000000000000000000000000000000000000000000000000000000000000000000000001111
111100000000000011111111110000000000000000000000000000000000000000000000000000000000000000000000000000000000000000001111
111100000000000011111111110000000000000000000000000000000000000000000000000000000000000000000000000000000000000000001111
111100000000000011111111110000000000000000000000000000000000000000000000000000000000000000000000000000000000000000001111
111100000000000011111111110000000000000000000000000000000000000000000000000000000000000000000000000000000000000000001111
111100000000000011111111110000000000000000000000000000000000000000000000000000000000000000000000000000000000000000001111
111100000000000011111111110000000000000000000000000000000000000000000000000000000000000000000000000000000000000000001111
111100000000000011111111110000000000000000000000000000000000000000000000000000000000000000000000000000000000000000001111
111100000000000011111111110000000000000000000000000000000000000000000000000000000000000000000000000000000000000000001111
111100000000000011111111110000000000000000000000000000000000000000000000000000000000000000000000000000000000000000001111
111100000000000011111111110000000000000000000000000000000000000000000000000000000000000000000000000000000000000000001111
111100000000000011111111110000000000000000000000000000000000000000000000000000000000000000000000000000000000000000001111
111100000000000011111111110000000000000000000000000000000000000000000000000000000000000000000000000000000000000000001111
111100000000000011111111110000000000000000000000000000000000000000000000000000000000000000000000000000000000000000001111
111100000000000011111111110000000000000000000000000000000000000000000000000000000000000000000000000000000000000000001111
111100000000000011111111110000000000000000000000000000000000000000000000000000000000000000000000000000000000000000001111
111100000000000011111111110000000000000000000000000000000000000000000000000000000000000000000000000000000000000000001111
111100000000000011111111110000000000000000000000000000000000000000000000000000000000000000000000000000000000000000001111
111111111111111111111111111111111111111111111111111111111111111111111111111111111111111111111111111111111111111111111111
111111111111111111111111111111111111111111111111111111111111111111111111111111111111111111111111111111111111111111111111
111111111111111111111111111111111111111111111111111111111111111111111111111111111111111111111111111111111111111111111111
111111111111111111111111111111111111111111111111111111111111111111111111111111111111111111111111111111111111111111111111